fileName imageWidth imageHeight 
camera matrix K [3x3]
radial distortion [3x1]
tangential distortion [2x1]
camera position t [3x1]
camera rotation R [3x3]
camera model m = K [R|-Rt] X

DJI_0001.JPG 5472 3648
3702.66969638218188265455 0 2737.62394025400953978533
0 3702.66969638218188265455 1825.82381810624679019384
0 0 1
0.00392968482903147207 -0.00931173186977227868 0.00877716301382882799
-0.00012509087686781830 0.00029025183408360047
-4.93823119361131013250 42.60545837122033674405 9.50186983959023123703
-0.77371388033961385755 -0.63327016513280720567 -0.01832291795770216516
-0.63327087464040865417 0.77390290670099426418 -0.00650310171564377846
0.01829837976405072550 0.00657183021838455422 -0.99981097230706128531
DJI_0002.JPG 5472 3648
3702.66969638218188265455 0 2737.62394025400953978533
0 3702.66969638218188265455 1825.82381810624679019384
0 0 1
0.00392968482903147207 -0.00931173186977227868 0.00877716301382882799
-0.00012509087686781830 0.00029025183408360047
-3.43272991405678284949 41.37119558136686947591 9.58891174290303105465
-0.85367661725622145941 -0.51998238005404651130 -0.02923281688965007757
-0.51992247768577859457 0.85415240124687763501 -0.01021237686701825971
0.03027953677082593706 0.00648073124901970762 -0.99952045990836135836
DJI_0003.JPG 5472 3648
3702.66969638218188265455 0 2737.62394025400953978533
0 3702.66969638218188265455 1825.82381810624679019384
0 0 1
0.00392968482903147207 -0.00931173186977227868 0.00877716301382882799
-0.00012509087686781830 0.00029025183408360047
-2.05096778846742244795 40.03307912195202078465 9.70421747010346003037
-0.85357536677802936520 -0.52000592903447906412 -0.03166902269949341264
-0.51985254148076576186 0.85414859519124242127 -0.01354667667053496491
0.03409440343724310513 0.00490011242886845451 -0.99940660421694382798
DJI_0004.JPG 5472 3648
3702.66969638218188265455 0 2737.62394025400953978533
0 3702.66969638218188265455 1825.82381810624679019384
0 0 1
0.00392968482903147207 -0.00931173186977227868 0.00877716301382882799
-0.00012509087686781830 0.00029025183408360047
-0.82131537422082656619 38.57770899083633509008 9.71656405378361576197
-0.85880157165358128601 -0.51063206398648930406 -0.04140960944317713388
-0.51048258557246561917 0.85975890064630577925 -0.01490511947976144724
0.04321331221497466679 0.00833834446119551334 -0.99903107141823055404
DJI_0005.JPG 5472 3648
3702.66969638218188265455 0 2737.62394025400953978533
0 3702.66969638218188265455 1825.82381810624679019384
0 0 1
0.00392968482903147207 -0.00931173186977227868 0.00877716301382882799
-0.00012509087686781830 0.00029025183408360047
0.50626740349800725127 37.12176482077178718555 10.03974238128478901899
-0.85983066280433406714 -0.50845292835349709115 -0.04654944629330092648
-0.50827658953724319524 0.86103705829728038879 -0.01643449929733992870
0.04843696759550705777 0.00952910738311690819 -0.99878078489858468370
DJI_0006.JPG 5472 3648
3702.66969638218188265455 0 2737.62394025400953978533
0 3702.66969638218188265455 1825.82381810624679019384
0 0 1
0.00392968482903147207 -0.00931173186977227868 0.00877716301382882799
-0.00012509087686781830 0.00029025183408360047
1.81084823232980429708 35.74294848515305034198 10.01271001652126635406
-0.86191752804001187105 -0.50442594185427802600 -0.05150382550665219550
-0.50407553669302351818 0.86341542357554645903 -0.02053435266814643279
0.05482725750058480702 0.00826289999237894354 -0.99846166492193400011
DJI_0007.JPG 5472 3648
3702.66969638218188265455 0 2737.62394025400953978533
0 3702.66969638218188265455 1825.82381810624679019384
0 0 1
0.00392968482903147207 -0.00931173186977227868 0.00877716301382882799
-0.00012509087686781830 0.00029025183408360047
3.04383746896261309089 34.43454574681484814391 9.89425449433024439827
-0.86199012925323315049 -0.50420790739783638568 -0.05241567692484079555
-0.50389794380367558535 0.86353302780988772103 -0.01993921041353922258
0.05531617575738839721 0.00922474926393095779 -0.99842627404360473342
DJI_0008.JPG 5472 3648
3702.66969638218188265455 0 2737.62394025400953978533
0 3702.66969638218188265455 1825.82381810624679019384
0 0 1
0.00392968482903147207 -0.00931173186977227868 0.00877716301382882799
-0.00012509087686781830 0.00029025183408360047
4.29969834001365214249 33.08097021183929342669 9.72555656488577291441
-0.86499924889447599163 -0.49935596775566570837 -0.04919265065835658202
-0.49923541462178361305 0.86632613988626927526 -0.01558910315483875812
0.05040139084795521029 0.01107415082789517391 -0.99866764390563522724
DJI_0009.JPG 5472 3648
3702.66969638218188265455 0 2737.62394025400953978533
0 3702.66969638218188265455 1825.82381810624679019384
0 0 1
0.00392968482903147207 -0.00931173186977227868 0.00877716301382882799
-0.00012509087686781830 0.00029025183408360047
5.60410134930825432065 31.61974298943131600481 9.78850894718978103981
-0.86811213239004436648 -0.49339081726603251088 -0.05428468508489641547
-0.49295822904058050895 0.86977417859233829844 -0.02202413846663929878
0.05808192505749496665 0.00764066041514830513 -0.99828258037994221930
DJI_0010.JPG 5472 3648
3702.66969638218188265455 0 2737.62394025400953978533
0 3702.66969638218188265455 1825.82381810624679019384
0 0 1
0.00392968482903147207 -0.00931173186977227868 0.00877716301382882799
-0.00012509087686781830 0.00029025183408360047
6.95894814810471018518 30.14952294203204274936 9.67682101908859237938
-0.86645334029516052343 -0.49627446709221412213 -0.05450011379527335692
-0.49603838565462543553 0.86809847692601982416 -0.01873377473649486674
0.05660855985195113738 0.01080220676822770884 -0.99833801053572257533
DJI_0011.JPG 5472 3648
3702.66969638218188265455 0 2737.62394025400953978533
0 3702.66969638218188265455 1825.82381810624679019384
0 0 1
0.00392968482903147207 -0.00931173186977227868 0.00877716301382882799
-0.00012509087686781830 0.00029025183408360047
8.37298053217656779168 28.62762593206970507254 9.79171679957740259681
-0.86400987347899205204 -0.50045436364605300206 -0.05506694506180846022
-0.50024225678215239466 0.86568644962043705959 -0.01856489895101763599
0.05696159285268542760 0.01150655687799885182 -0.99831006009580924854
DJI_0012.JPG 5472 3648
3702.66969638218188265455 0 2737.62394025400953978533
0 3702.66969638218188265455 1825.82381810624679019384
0 0 1
0.00392968482903147207 -0.00931173186977227868 0.00877716301382882799
-0.00012509087686781830 0.00029025183408360047
9.72969405221802574601 27.04760024236965776367 9.70540407512303637816
-0.87416702000925128324 -0.48248090942007509918 -0.05517420750063087298
-0.48205158930513947180 0.87587346055620995955 -0.02172432603508497526
0.05880719663896996630 0.00760612506253103421 -0.99824038211494869888
DJI_0013.JPG 5472 3648
3702.66969638218188265455 0 2737.62394025400953978533
0 3702.66969638218188265455 1825.82381810624679019384
0 0 1
0.00392968482903147207 -0.00931173186977227868 0.00877716301382882799
-0.00012509087686781830 0.00029025183408360047
11.01891872938511518498 25.40173838359440594559 9.63425208858045500904
-0.87147315612929665551 -0.48600038281573271215 -0.06586475574238268016
-0.48607091103983141034 0.87377231163347257592 -0.01603174549467615423
0.06534223432781276208 0.01804370598460885294 -0.99769976299856377722
DJI_0014.JPG 5472 3648
3702.66969638218188265455 0 2737.62394025400953978533
0 3702.66969638218188265455 1825.82381810624679019384
0 0 1
0.00392968482903147207 -0.00931173186977227868 0.00877716301382882799
-0.00012509087686781830 0.00029025183408360047
12.51032522756130838104 24.03622940041924493926 9.57316267420255861964
-0.87307514018170417902 -0.48290409177619775249 -0.06740502757586457061
-0.48352634386280890499 0.87529468530187692910 -0.00784147135125935930
0.06278594100084970708 0.02574591284249802894 -0.99769488000317219090
DJI_0015.JPG 5472 3648
3702.66969638218188265455 0 2737.62394025400953978533
0 3702.66969638218188265455 1825.82381810624679019384
0 0 1
0.00392968482903147207 -0.00931173186977227868 0.00877716301382882799
-0.00012509087686781830 0.00029025183408360047
14.97390595279201441770 21.36066684604189447327 9.88655164187455781644
-0.87549662643460535172 -0.47816926860990616177 -0.06971232070941685288
-0.47917532641405052862 0.87771540289098426424 -0.00258419889046436610
0.06242326215132719403 0.03114196662037819335 -0.99756378956806668334
DJI_0016.JPG 5472 3648
3702.66969638218188265455 0 2737.62394025400953978533
0 3702.66969638218188265455 1825.82381810624679019384
0 0 1
0.00392968482903147207 -0.00931173186977227868 0.00877716301382882799
-0.00012509087686781830 0.00029025183408360047
16.28892946920593232107 20.03512454633597528186 9.84501826472851071514
-0.87427954342533753529 -0.48081861682136428637 -0.06669885805599073958
-0.48135157970733200017 0.87648248343890822198 -0.00889454540827365643
0.06273704377191495485 0.02432928159140481522 -0.99773350620093281815
DJI_0017.JPG 5472 3648
3702.66969638218188265455 0 2737.62394025400953978533
0 3702.66969638218188265455 1825.82381810624679019384
0 0 1
0.00392968482903147207 -0.00931173186977227868 0.00877716301382882799
-0.00012509087686781830 0.00029025183408360047
17.60599286269740559874 18.62422780741955818939 9.66655606898371644320
-0.87425839103785130124 -0.48119028251637174787 -0.06425089658301964823
-0.48181928899697962221 0.87624767351276844352 -0.00633935437609584995
0.05935013437518540935 0.02541508755198467612 -0.99791364099022727974
DJI_0018.JPG 5472 3648
3702.66969638218188265455 0 2737.62394025400953978533
0 3702.66969638218188265455 1825.82381810624679019384
0 0 1
0.00392968482903147207 -0.00931173186977227868 0.00877716301382882799
-0.00012509087686781830 0.00029025183408360047
19.01834868643539522282 17.25263012410947993658 9.47026206593931263455
-0.87641293916421991739 -0.47823418545770818300 -0.05650153913952764978
-0.47899523382001923943 0.87781749755478932773 -0.00008345269623401180
0.04963794962766186758 0.02699082892854138410 -0.99840250856581480576
DJI_0019.JPG 5472 3648
3702.66969638218188265455 0 2737.62394025400953978533
0 3702.66969638218188265455 1825.82381810624679019384
0 0 1
0.00392968482903147207 -0.00931173186977227868 0.00877716301382882799
-0.00012509087686781830 0.00029025183408360047
20.27419132705363580271 15.85893429607501303735 9.48401619005704077381
-0.87940223720378840611 -0.47238443504619981317 -0.05920009060005290702
-0.47364620700559217914 0.88067319751691264251 0.00860173032317781278
0.04807260956290539816 0.03560427925712870284 -0.99820907604989894679
DJI_0020.JPG 5472 3648
3702.66969638218188265455 0 2737.62394025400953978533
0 3702.66969638218188265455 1825.82381810624679019384
0 0 1
0.00392968482903147207 -0.00931173186977227868 0.00877716301382882799
-0.00012509087686781830 0.00029025183408360047
21.46209244184674957978 14.22905827779223209006 9.38492267957888159913
-0.87704122883501101082 -0.47594861931053211723 -0.06535743798506675473
-0.47682927875675845675 0.87899266875692605439 -0.00239315521570987498
0.05858772775832202934 0.02906544422462984528 -0.99785904721465634726
DJI_0021.JPG 5472 3648
3702.66969638218188265455 0 2737.62394025400953978533
0 3702.66969638218188265455 1825.82381810624679019384
0 0 1
0.00392968482903147207 -0.00931173186977227868 0.00877716301382882799
-0.00012509087686781830 0.00029025183408360047
22.77793362698422541257 12.98640229792074940462 9.62483873422687175037
-0.87405058871755103578 -0.48166282160321333139 -0.06353341363199013769
-0.48299540944565005907 0.87559799785052605525 0.00660156152580967329
0.05245000302127118125 0.03645644586875199794 -0.99795787723615236864
DJI_0022.JPG 5472 3648
3702.66969638218188265455 0 2737.62394025400953978533
0 3702.66969638218188265455 1825.82381810624679019384
0 0 1
0.00392968482903147207 -0.00931173186977227868 0.00877716301382882799
-0.00012509087686781830 0.00029025183408360047
24.27100145070938452818 11.57208613952383657875 9.74207293480295533072
-0.87129036989048258555 -0.48636259894908145940 -0.06560879270037639488
-0.48801798050523348405 0.87276345546712386092 0.01106352135078656970
0.05188007362850950710 0.04165781012704227598 -0.99778408727325351713
DJI_0023.JPG 5472 3648
3702.66969638218188265455 0 2737.62394025400953978533
0 3702.66969638218188265455 1825.82381810624679019384
0 0 1
0.00392968482903147207 -0.00931173186977227868 0.00877716301382882799
-0.00012509087686781830 0.00029025183408360047
26.74727978636087399877 8.69033395796612850859 9.60875959160984294272
-0.86635123345914455406 -0.49580078743294497823 -0.06014249300362126821
-0.49710199669470789274 0.86765529360774273915 0.00799351966259379855
0.04821975908228389590 0.03682214897766569739 -0.99815779523014946939
DJI_0024.JPG 5472 3648
3702.66969638218188265455 0 2737.62394025400953978533
0 3702.66969638218188265455 1825.82381810624679019384
0 0 1
0.00392968482903147207 -0.00931173186977227868 0.00877716301382882799
-0.00012509087686781830 0.00029025183408360047
27.97776055277109819031 7.24820539560538890100 9.58847391291651085510
-0.86874275339448081557 -0.49095770228928847789 -0.06516565803702620285
-0.49271082994865272875 0.87009300214897900005 0.01319869928010250666
0.05022017996668345918 0.04357409980939527805 -0.99778716736081285443
DJI_0025.JPG 5472 3648
3702.66969638218188265455 0 2737.62394025400953978533
0 3702.66969638218188265455 1825.82381810624679019384
0 0 1
0.00392968482903147207 -0.00931173186977227868 0.00877716301382882799
-0.00012509087686781830 0.00029025183408360047
29.35642638356842581970 5.84339003073882956585 9.68359602642272854212
-0.87188136343395483685 -0.48586827083550104822 -0.06127733261058401076
-0.48758275238351472813 0.87292846773603027799 0.01609191704373331630
0.04567217615424114252 0.04390801306534495435 -0.99799105141979571609
DJI_0026.JPG 5472 3648
3702.66969638218188265455 0 2737.62394025400953978533
0 3702.66969638218188265455 1825.82381810624679019384
0 0 1
0.00392968482903147207 -0.00931173186977227868 0.00877716301382882799
-0.00012509087686781830 0.00029025183408360047
30.66539747544871019613 4.41018765072468355015 9.47163623066252746696
-0.87132098986754702441 -0.48620519140347229214 -0.06636448198058134129
-0.48777864844966734026 0.87292165663102305739 0.00893148930280423733
0.05358845708596073759 0.04015337142586106189 -0.99775547306455947272
DJI_0027.JPG 5472 3648
3702.66969638218188265455 0 2737.62394025400953978533
0 3702.66969638218188265455 1825.82381810624679019384
0 0 1
0.00392968482903147207 -0.00931173186977227868 0.00877716301382882799
-0.00012509087686781830 0.00029025183408360047
32.15275709214881061371 3.15598541983893499108 9.36749098229793375481
-0.87503921600048562013 -0.48012998925963368269 -0.06149442149333112645
-0.48197417682040782916 0.87598195576056347988 0.01888136806982999502
0.04480249255951797294 0.04616066069113610587 -0.99792882013949879560
DJI_0028.JPG 5472 3648
3702.66969638218188265455 0 2737.62394025400953978533
0 3702.66969638218188265455 1825.82381810624679019384
0 0 1
0.00392968482903147207 -0.00931173186977227868 0.00877716301382882799
-0.00012509087686781830 0.00029025183408360047
33.48636056278825634536 1.80791025325355803055 9.47777360954255065906
-0.87983578277926699496 -0.47107210517413761197 -0.06308777272975041317
-0.47274819166353559963 0.88108567309061780470 0.01404222038389816955
0.04897083438181796394 0.04217947843749564329 -0.99790918874348943923
DJI_0029.JPG 5472 3648
3702.66969638218188265455 0 2737.62394025400953978533
0 3702.66969638218188265455 1825.82381810624679019384
0 0 1
0.00392968482903147207 -0.00931173186977227868 0.00877716301382882799
-0.00012509087686781830 0.00029025183408360047
34.96593236166227569583 0.52237227021370369329 9.40190131319496025242
-0.87978384275092214040 -0.46989897836081589988 -0.07193983715496139741
-0.47232532823264145039 0.88118545369884393459 0.02051780932483267608
0.05375104040247472015 0.05203024432985191294 -0.99719791382183886608
DJI_0030.JPG 5472 3648
3702.66969638218188265455 0 2737.62394025400953978533
0 3702.66969638218188265455 1825.82381810624679019384
0 0 1
0.00392968482903147207 -0.00931173186977227868 0.00877716301382882799
-0.00012509087686781830 0.00029025183408360047
39.24007686576776166021 -3.31624043947985169822 9.80936489544565759502
-0.88307606896767742999 -0.46849536244789485862 -0.02624408088330282621
-0.46831892992336643378 0.88346548817845405033 -0.01288840847578656169
0.02922389932960210712 0.00090915478404336378 -0.99957247718489716792
DJI_0031.JPG 5472 3648
3702.66969638218188265455 0 2737.62394025400953978533
0 3702.66969638218188265455 1825.82381810624679019384
0 0 1
0.00392968482903147207 -0.00931173186977227868 0.00877716301382882799
-0.00012509087686781830 0.00029025183408360047
40.53230814760578226696 -4.80998999938961713241 9.73159917372990257434
-0.88193096014630423252 -0.47048688022303408740 -0.02898063272971261942
-0.47029150049110013398 0.88240555639250806141 -0.01365059022379484614
0.03199509495606527726 0.00159046710900289691 -0.99948676044914552818
DJI_0032.JPG 5472 3648
3702.66969638218188265455 0 2737.62394025400953978533
0 3702.66969638218188265455 1825.82381810624679019384
0 0 1
0.00392968482903147207 -0.00931173186977227868 0.00877716301382882799
-0.00012509087686781830 0.00029025183408360047
41.84742820459576506664 -6.10909534822242950014 9.68408844165077908883
-0.88426658886123565839 -0.46634944285541030107 -0.02430631547896116088
-0.46611433202511620699 0.88459861591550548177 -0.01492374621707423868
0.02846101376434277686 -0.00186704815693528384 -0.99959315965380901581
DJI_0033.JPG 5472 3648
3702.66969638218188265455 0 2737.62394025400953978533
0 3702.66969638218188265455 1825.82381810624679019384
0 0 1
0.00392968482903147207 -0.00931173186977227868 0.00877716301382882799
-0.00012509087686781830 0.00029025183408360047
43.23587700276043221947 -7.69109130761892867412 9.83516515049722706010
-0.88290006183433578091 -0.46859597680224363003 -0.03008805971938392776
-0.46819149051624314728 0.88340623268738327489 -0.01975237345898712971
0.03583586222075074712 -0.00335239822155452769 -0.99935206629348571905
DJI_0034.JPG 5472 3648
3702.66969638218188265455 0 2737.62394025400953978533
0 3702.66969638218188265455 1825.82381810624679019384
0 0 1
0.00392968482903147207 -0.00931173186977227868 0.00877716301382882799
-0.00012509087686781830 0.00029025183408360047
44.52236291193366923835 -9.10711200394958808602 10.05062291584560618674
-0.87745333867962693741 -0.47850810414255673386 -0.03325105577078841385
-0.47795303044117054547 0.87807028563983469116 -0.02352603171979168392
0.04045416087471742639 -0.00475055220739732317 -0.99917010219564084128
DJI_0035.JPG 5472 3648
3702.66969638218188265455 0 2737.62394025400953978533
0 3702.66969638218188265455 1825.82381810624679019384
0 0 1
0.00392968482903147207 -0.00931173186977227868 0.00877716301382882799
-0.00012509087686781830 0.00029025183408360047
45.85492261017571991033 -10.35086747775226179158 10.23647523517521662484
-0.87823002870205135739 -0.47708276806760258060 -0.03322723429580299453
-0.47669625147172539625 0.87885774385506532091 -0.01922888189131075065
0.03837578036730459469 -0.00104808345973215686 -0.99926282879043482055
DJI_0036.JPG 5472 3648
3702.66969638218188265455 0 2737.62394025400953978533
0 3702.66969638218188265455 1825.82381810624679019384
0 0 1
0.00392968482903147207 -0.00931173186977227868 0.00877716301382882799
-0.00012509087686781830 0.00029025183408360047
48.54873019907671505280 -12.99957267995894483192 10.10085079941797303604
-0.87611971351725459467 -0.47987481765624429020 -0.04619964248595590656
-0.47970540399302546986 0.87729423829294916892 -0.01541248967177165363
0.04792674583499342833 0.00865903212723859866 -0.99881331999342470862
DJI_0037.JPG 5472 3648
3702.66969638218188265455 0 2737.62394025400953978533
0 3702.66969638218188265455 1825.82381810624679019384
0 0 1
0.00392968482903147207 -0.00931173186977227868 0.00877716301382882799
-0.00012509087686781830 0.00029025183408360047
46.52285988640699088137 -14.85301469803528284785 9.82433681340682163352
0.55465285257917351647 0.83168960321561513638 0.02554637016951800260
0.83014105918912484139 -0.55519400151748266037 0.05123907227266521341
0.05679819516625071729 -0.00721280680858306031 -0.99835962480651152529
DJI_0038.JPG 5472 3648
3702.66969638218188265455 0 2737.62394025400953978533
0 3702.66969638218188265455 1825.82381810624679019384
0 0 1
0.00392968482903147207 -0.00931173186977227868 0.00877716301382882799
-0.00012509087686781830 0.00029025183408360047
45.39551493629322465040 -13.65457945597329292298 9.56712119095534596624
0.55395906853853182916 0.83249194709912965884 -0.00930098914213163194
0.83247869099440641172 -0.55374128373466435793 0.01870346834480896350
0.01042014511231080520 -0.01810383116872521514 -0.99978181213345374001
DJI_0039.JPG 5472 3648
3702.66969638218188265455 0 2737.62394025400953978533
0 3702.66969638218188265455 1825.82381810624679019384
0 0 1
0.00392968482903147207 -0.00931173186977227868 0.00877716301382882799
-0.00012509087686781830 0.00029025183408360047
44.02196472162214035961 -12.28558702678871661362 9.55950804621993022181
0.56776501809163471002 0.82269466911489252947 -0.02857211300102278223
0.82312351127192795452 -0.56781998600019401024 0.00693892571741260445
-0.01051519960713713508 -0.02745805726334345220 -0.99956764937073916411
DJI_0040.JPG 5472 3648
3702.66969638218188265455 0 2737.62394025400953978533
0 3702.66969638218188265455 1825.82381810624679019384
0 0 1
0.00392968482903147207 -0.00931173186977227868 0.00877716301382882799
-0.00012509087686781830 0.00029025183408360047
42.60842952248529513781 -10.94126558212328426123 9.57150571332229382904
0.58076563597585839638 0.81279350989632126456 -0.04558493544994324936
0.81349213471301107248 -0.58155318811137057811 -0.00514161040621304282
-0.03068913210935087996 -0.03409691581242473707 -0.99894723459372725127
DJI_0041.JPG 5472 3648
3702.66969638218188265455 0 2737.62394025400953978533
0 3702.66969638218188265455 1825.82381810624679019384
0 0 1
0.00392968482903147207 -0.00931173186977227868 0.00877716301382882799
-0.00012509087686781830 0.00029025183408360047
41.17927458791864125942 -9.49729525836699828290 9.56979584913668901436
0.55629968673355578712 0.82969992033339701187 -0.04613784497462373319
0.83030007839017472282 -0.55723437715999268871 -0.00957229002823867248
-0.03365172158177655304 -0.03298319435515190134 -0.99888921834441324332
DJI_0042.JPG 5472 3648
3702.66969638218188265455 0 2737.62394025400953978533
0 3702.66969638218188265455 1825.82381810624679019384
0 0 1
0.00392968482903147207 -0.00931173186977227868 0.00877716301382882799
-0.00012509087686781830 0.00029025183408360047
39.69341391695953547014 -8.08262580545063791249 9.49952964784309905610
0.54979342271844056089 0.83348344388429651541 -0.05506851283914394185
0.83424376093307439639 -0.55121857954188635542 -0.01397944605714709736
-0.04200642426798277540 -0.03825475576445202391 -0.99838471241381721022
DJI_0043.JPG 5472 3648
3702.66969638218188265455 0 2737.62394025400953978533
0 3702.66969638218188265455 1825.82381810624679019384
0 0 1
0.00392968482903147207 -0.00931173186977227868 0.00877716301382882799
-0.00012509087686781830 0.00029025183408360047
38.23073226924802270332 -6.67988914548523471382 9.43178793336914722545
0.54486699899640222977 0.83630127985137125979 -0.06099280878606054557
0.83726571256044668434 -0.54659014545408279862 -0.01501131117298133699
-0.04589204697223736584 -0.04288801943950054651 -0.99802531922454496005
DJI_0044.JPG 5472 3648
3702.66969638218188265455 0 2737.62394025400953978533
0 3702.66969638218188265455 1825.82381810624679019384
0 0 1
0.00392968482903147207 -0.00931173186977227868 0.00877716301382882799
-0.00012509087686781830 0.00029025183408360047
36.76908842903927876478 -5.18833533837959670620 9.32544184341777970815
0.54644969003698740107 0.83487903907717320173 -0.06610390584569236783
0.83636761967849015953 -0.54810205958758606570 -0.00856370417416824417
-0.04338134405267862065 -0.05060753289207006039 -0.99777599520271131883
DJI_0045.JPG 5472 3648
3702.66969638218188265455 0 2737.62394025400953978533
0 3702.66969638218188265455 1825.82381810624679019384
0 0 1
0.00392968482903147207 -0.00931173186977227868 0.00877716301382882799
-0.00012509087686781830 0.00029025183408360047
34.09630268454570511949 -2.71830958086002238971 9.16159292884474929508
0.50358443676039321701 0.86354417693771745590 -0.02634709717744346258
0.86311987437185011540 -0.50420222640942902181 -0.02835837350936586815
-0.03777297336773029202 -0.00845986765470305851 -0.99925053571275390674
DJI_0046.JPG 5472 3648
3702.66969638218188265455 0 2737.62394025400953978533
0 3702.66969638218188265455 1825.82381810624679019384
0 0 1
0.00392968482903147207 -0.00931173186977227868 0.00877716301382882799
-0.00012509087686781830 0.00029025183408360047
32.83474107913976780537 -1.23605320963597775652 9.14110767984362126981
0.48907751270902993790 0.87191108154319207912 -0.02396356493783466032
0.87142355660515857796 -0.48962376634417259513 -0.02982536545565067643
-0.03773819757175310430 -0.00629549943437909994 -0.99926782952865400578
DJI_0047.JPG 5472 3648
3702.66969638218188265455 0 2737.62394025400953978533
0 3702.66969638218188265455 1825.82381810624679019384
0 0 1
0.00392968482903147207 -0.00931173186977227868 0.00877716301382882799
-0.00012509087686781830 0.00029025183408360047
31.52053935285789521004 -0.02069661237446910121 9.06310838835119625401
0.47683916303140566617 0.87874287846935617008 -0.02086542927664950323
0.87838855140629656937 -0.47725671062698732383 -0.02568238540042156945
-0.03252637941511959951 -0.00608158703779967599 -0.99945237452379154242
DJI_0048.JPG 5472 3648
3702.66969638218188265455 0 2737.62394025400953978533
0 3702.66969638218188265455 1825.82381810624679019384
0 0 1
0.00392968482903147207 -0.00931173186977227868 0.00877716301382882799
-0.00012509087686781830 0.00029025183408360047
30.15787255619418161245 1.31438015358848137026 8.99831471427192042256
0.49803834099667038116 0.86646218601692714945 -0.03465676124585530954
0.86614278719661408346 -0.49899003286342469288 -0.02838343337651450318
-0.04188655016308977241 -0.01588166571006391359 -0.99899614093834654405
DJI_0049.JPG 5472 3648
3702.66969638218188265455 0 2737.62394025400953978533
0 3702.66969638218188265455 1825.82381810624679019384
0 0 1
0.00392968482903147207 -0.00931173186977227868 0.00877716301382882799
-0.00012509087686781830 0.00029025183408360047
28.66517138861212288248 2.72888531462582628606 9.01140691098733981335
0.49673352404951293115 0.86763870667781117785 -0.02142150227708100943
0.86736178606058877971 -0.49714407438011237739 -0.02304997593332053230
-0.03064862422911181217 -0.00713049670053518374 -0.99950478630653205592
DJI_0050.JPG 5472 3648
3702.66969638218188265455 0 2737.62394025400953978533
0 3702.66969638218188265455 1825.82381810624679019384
0 0 1
0.00392968482903147207 -0.00931173186977227868 0.00877716301382882799
-0.00012509087686781830 0.00029025183408360047
27.50194942980793655352 4.21497541314188506334 8.77172338521567596104
0.47735471509890170516 0.87814736759901679264 -0.03145912827405686341
0.87766758148917645155 -0.47822632213274862689 -0.03161014429458365582
-0.04280294821371829345 -0.01252140560407310511 -0.99900506606618966199
DJI_0051.JPG 5472 3648
3702.66969638218188265455 0 2737.62394025400953978533
0 3702.66969638218188265455 1825.82381810624679019384
0 0 1
0.00392968482903147207 -0.00931173186977227868 0.00877716301382882799
-0.00012509087686781830 0.00029025183408360047
26.04971222269697150864 5.50861280967751199000 8.78443258454879405406
0.49027949178065410862 0.87086748557203530474 -0.03486893334681203521
0.87035113752367210260 -0.49131551943262025128 -0.03313544591377387549
-0.04598823056558679068 -0.01410258622010454946 -0.99884242987137417114
DJI_0052.JPG 5472 3648
3702.66969638218188265455 0 2737.62394025400953978533
0 3702.66969638218188265455 1825.82381810624679019384
0 0 1
0.00392968482903147207 -0.00931173186977227868 0.00877716301382882799
-0.00012509087686781830 0.00029025183408360047
24.56626780586411129548 6.97125900719295987784 8.89240926263757103243
0.48564222708602761136 0.87356905594792833014 -0.03207384855561433434
0.87314397260079912311 -0.48651891932581586842 -0.03031409323953671020
-0.04208598795107693080 -0.01328328379150340091 -0.99902568735238039821
DJI_0053.JPG 5472 3648
3702.66969638218188265455 0 2737.62394025400953978533
0 3702.66969638218188265455 1825.82381810624679019384
0 0 1
0.00392968482903147207 -0.00931173186977227868 0.00877716301382882799
-0.00012509087686781830 0.00029025183408360047
23.28292061455742256726 8.49510569333066456466 8.91279965692832654156
0.48482450534478099824 0.87352722206828614659 -0.04353609218627040034
0.87354409231798768598 -0.48609101350142891462 -0.02522390472342880136
-0.04319627059748770703 -0.02580152900152755252 -0.99873337949006790737
DJI_0054.JPG 5472 3648
3702.66969638218188265455 0 2737.62394025400953978533
0 3702.66969638218188265455 1825.82381810624679019384
0 0 1
0.00392968482903147207 -0.00931173186977227868 0.00877716301382882799
-0.00012509087686781830 0.00029025183408360047
21.90528958162969885848 10.00926577303482467585 8.71810799242761724770
0.44894636494877365740 0.89300173243610603269 -0.03154468680135789904
0.89293513104021959848 -0.44967205960139983167 -0.02149163949122894629
-0.03337683558200738032 -0.01851876561621645240 -0.99927125554905416038
DJI_0055.JPG 5472 3648
3702.66969638218188265455 0 2737.62394025400953978533
0 3702.66969638218188265455 1825.82381810624679019384
0 0 1
0.00392968482903147207 -0.00931173186977227868 0.00877716301382882799
-0.00012509087686781830 0.00029025183408360047
19.11386067642461128457 12.82311606621052746391 8.83331007358616204783
0.46448909581982433803 0.88463427462193511275 -0.04089107517056300017
0.88492500940620832939 -0.46542510332715986143 -0.01694700328449426016
-0.03402363284401208054 -0.02831383684747010299 -0.99901987920715096259
DJI_0056.JPG 5472 3648
3702.66969638218188265455 0 2737.62394025400953978533
0 3702.66969638218188265455 1825.82381810624679019384
0 0 1
0.00392968482903147207 -0.00931173186977227868 0.00877716301382882799
-0.00012509087686781830 0.00029025183408360047
17.98072451871874832818 14.23080063366547243220 8.74146732802724457656
0.46937977674413527973 0.88188068594595414584 -0.04437432747793771531
0.88232107853471231085 -0.47039323654679127129 -0.01548280931796418292
-0.03452737402363099950 -0.03188508689854847866 -0.99889499031505024629
DJI_0057.JPG 5472 3648
3702.66969638218188265455 0 2737.62394025400953978533
0 3702.66969638218188265455 1825.82381810624679019384
0 0 1
0.00392968482903147207 -0.00931173186977227868 0.00877716301382882799
-0.00012509087686781830 0.00029025183408360047
16.50983650232842592231 15.48842758378650330542 8.87460689794460222402
0.47997380305425885183 0.87594699106989903914 -0.04839439241505082145
0.87668921279366218702 -0.48094765164914349276 -0.01026550263762070550
-0.03226720553224978610 -0.03749966944873614483 -0.99877555148210106495
DJI_0058.JPG 5472 3648
3702.66969638218188265455 0 2737.62394025400953978533
0 3702.66969638218188265455 1825.82381810624679019384
0 0 1
0.00392968482903147207 -0.00931173186977227868 0.00877716301382882799
-0.00012509087686781830 0.00029025183408360047
15.18616237522179446273 16.96576882920708584379 8.95460753254833186077
0.46055753268654026078 0.88670999861946409037 -0.04039972071631581230
0.88718050795883396376 -0.46129538942075298813 -0.01083097396641895249
-0.02824013781113336730 -0.03085355809993002574 -0.99912489337869192507
DJI_0059.JPG 5472 3648
3702.66969638218188265455 0 2737.62394025400953978533
0 3702.66969638218188265455 1825.82381810624679019384
0 0 1
0.00392968482903147207 -0.00931173186977227868 0.00877716301382882799
-0.00012509087686781830 0.00029025183408360047
14.21750262066827552587 18.24639847849005747094 8.92668084120070304266
0.45913773070431052048 0.88724157257958979894 -0.04466470788209150888
0.88797598201509331250 -0.45984413420924247218 -0.00648286955622883604
-0.02629067530564591776 -0.03668465782651851581 -0.99898099895449687935
DJI_0060.JPG 5472 3648
3702.66969638218188265455 0 2737.62394025400953978533
0 3702.66969638218188265455 1825.82381810624679019384
0 0 1
0.00392968482903147207 -0.00931173186977227868 0.00877716301382882799
-0.00012509087686781830 0.00029025183408360047
12.88025903647520209461 19.64095966930918990556 8.79643702100629099050
0.46442572096639783696 0.88460881189077367193 -0.04214261062197504487
0.88506157178671773789 -0.46528881597714999430 -0.01312752349099411721
-0.03122120835692136082 -0.03120204563447259022 -0.99902535928621849504
DJI_0061.JPG 5472 3648
3702.66969638218188265455 0 2737.62394025400953978533
0 3702.66969638218188265455 1825.82381810624679019384
0 0 1
0.00392968482903147207 -0.00931173186977227868 0.00877716301382882799
-0.00012509087686781830 0.00029025183408360047
11.57965147960610075017 21.04600949196536063823 8.98472124012039863317
0.45845046856135868163 0.88778089853697506051 -0.04084414362857564235
0.88823011650597571975 -0.45923931792371480709 -0.01210409041364710579
-0.02950301692456573643 -0.03072987253215098483 -0.99909221142320314701
DJI_0062.JPG 5472 3648
3702.66969638218188265455 0 2737.62394025400953978533
0 3702.66969638218188265455 1825.82381810624679019384
0 0 1
0.00392968482903147207 -0.00931173186977227868 0.00877716301382882799
-0.00012509087686781830 0.00029025183408360047
10.15435393765665672561 22.38490348115090355918 8.88073777302371780706
0.46500409751144744508 0.88445718776705162245 -0.03881587696758531658
0.88517850959821042789 -0.46524010478103683397 0.00326359446330401134
-0.01517219308654123994 -0.03587656492096671229 -0.99924105032090049239
DJI_0063.JPG 5472 3648
3702.66969638218188265455 0 2737.62394025400953978533
0 3702.66969638218188265455 1825.82381810624679019384
0 0 1
0.00392968482903147207 -0.00931173186977227868 0.00877716301382882799
-0.00012509087686781830 0.00029025183408360047
8.78706871068636274913 23.79207700107669509748 8.67799063160577865972
0.46282815518362951934 0.88563786281368428455 -0.03789029849615831863
0.88633007337376301660 -0.46304089596631037296 0.00348277130692216256
-0.01446028362716072352 -0.03519523566516305491 -0.99927583558489785354
DJI_0064.JPG 5472 3648
3702.66969638218188265455 0 2737.62394025400953978533
0 3702.66969638218188265455 1825.82381810624679019384
0 0 1
0.00392968482903147207 -0.00931173186977227868 0.00877716301382882799
-0.00012509087686781830 0.00029025183408360047
7.45677273706380994156 25.21686735666425960289 8.64524470035122760692
0.46109241760079217043 0.88631246426252430215 -0.04294179926305342898
0.88716887682783551750 -0.46144050355968690980 0.00201138326018399658
-0.01803237142179229743 -0.03902406139132948842 -0.99907555080355769928
DJI_0065.JPG 5472 3648
3702.66969638218188265455 0 2737.62394025400953978533
0 3702.66969638218188265455 1825.82381810624679019384
0 0 1
0.00392968482903147207 -0.00931173186977227868 0.00877716301382882799
-0.00012509087686781830 0.00029025183408360047
6.20110422126434102097 26.67857529006288430651 8.51944693278976217243
0.45741828933943035063 0.88787414361075600588 -0.04947740580563751017
0.88895387815388760000 -0.45799655737210342998 -0.00039490564044420800
-0.02301110803400096411 -0.04380249470941265794 -0.99877516507183916605
DJI_0066.JPG 5472 3648
3702.66969638218188265455 0 2737.62394025400953978533
0 3702.66969638218188265455 1825.82381810624679019384
0 0 1
0.00392968482903147207 -0.00931173186977227868 0.00877716301382882799
-0.00012509087686781830 0.00029025183408360047
4.92537995307803022627 28.02229191522820173077 8.49073249248566952474
0.45723612813819469736 0.88805576785464113154 -0.04787563373258019866
0.88903147329812637345 -0.45784205694529567232 -0.00192103551853682782
-0.02362546529817436194 -0.04168457834984552052 -0.99885145708320444147
DJI_0067.JPG 5472 3648
3702.66969638218188265455 0 2737.62394025400953978533
0 3702.66969638218188265455 1825.82381810624679019384
0 0 1
0.00392968482903147207 -0.00931173186977227868 0.00877716301382882799
-0.00012509087686781830 0.00029025183408360047
3.63662175346450355917 29.45452117644603617919 8.42327555027810603860
0.46378039287480976594 0.88445438241182305905 -0.05146059285907810671
0.88554766969045839442 -0.46453774511765161259 -0.00316355287717356342
-0.02670340597538135852 -0.04410361429099027286 -0.99867001522814602410
DJI_0068.JPG 5472 3648
3702.66969638218188265455 0 2737.62394025400953978533
0 3702.66969638218188265455 1825.82381810624679019384
0 0 1
0.00392968482903147207 -0.00931173186977227868 0.00877716301382882799
-0.00012509087686781830 0.00029025183408360047
2.10441531605295661933 30.81980391082322867646 8.70758342638654525558
0.46410098175531949716 0.88446666924955852362 -0.04825960754441466910
0.88547191888688436823 -0.46469145459056748759 -0.00115450997463688180
-0.02344695281966645284 -0.04219671808440552535 -0.99883415910068751309
DJI_0069.JPG 5472 3648
3702.66969638218188265455 0 2737.62394025400953978533
0 3702.66969638218188265455 1825.82381810624679019384
0 0 1
0.00392968482903147207 -0.00931173186977227868 0.00877716301382882799
-0.00012509087686781830 0.00029025183408360047
0.87954810997014565288 32.22678995468691454107 8.84935641385939142367
0.45576010649313747347 0.88917766036680734310 -0.04056862869231041974
0.88987360689239958234 -0.45620321998363222438 -0.00189362955105628456
-0.02019131213356206017 -0.03523791113525680252 -0.99917495992100835434
DJI_0070.JPG 5472 3648
3702.66969638218188265455 0 2737.62394025400953978533
0 3702.66969638218188265455 1825.82381810624679019384
0 0 1
0.00392968482903147207 -0.00931173186977227868 0.00877716301382882799
-0.00012509087686781830 0.00029025183408360047
-0.50650466667222060480 33.53864138451771026439 9.17807782873686051062
0.46443832841357635122 0.88467094648424582370 -0.04067376976715603859
0.88521159792462200677 -0.46511150617986624090 -0.00846839529271531388
-0.02640958159722424023 -0.03207184537510827244 -0.99913659263090492946
DJI_0071.JPG 5472 3648
3702.66969638218188265455 0 2737.62394025400953978533
0 3702.66969638218188265455 1825.82381810624679019384
0 0 1
0.00392968482903147207 -0.00931173186977227868 0.00877716301382882799
-0.00012509087686781830 0.00029025183408360047
-1.77490060458723841741 34.90467501466351052386 9.28664022734112037938
0.47021279809310834175 0.88130272470162862586 -0.04696202660592098399
0.88213594158991592842 -0.47096052108350694443 -0.00568930013481783788
-0.02713125623192236963 -0.03875170982340059994 -0.99888047329049367562
DJI_0072.JPG 5472 3648
3702.66969638218188265455 0 2737.62394025400953978533
0 3702.66969638218188265455 1825.82381810624679019384
0 0 1
0.00392968482903147207 -0.00931173186977227868 0.00877716301382882799
-0.00012509087686781830 0.00029025183408360047
-4.64034513787462721268 37.97487249148318255720 9.11970569414276610587
0.47146658811129210642 0.88057372352075857780 -0.04805386289866502014
0.88161346319370337277 -0.47197117505610808319 0.00095468935322520038
-0.02183936377969290452 -0.04281503662199874494 -0.99884428958109139352
DJI_0073.JPG 5472 3648
3702.66969638218188265455 0 2737.62394025400953978533
0 3702.66969638218188265455 1825.82381810624679019384
0 0 1
0.00392968482903147207 -0.00931173186977227868 0.00877716301382882799
-0.00012509087686781830 0.00029025183408360047
-5.99938342636037180711 39.35146534936112772129 9.15125950182531866517
0.48885988442418110145 0.87089958471682082930 -0.05049679931288067469
0.87190322380222362586 -0.48966105433049889051 -0.00410124313271806838
-0.02829808693296764419 -0.04202338886873854817 -0.99871580194964426624
DJI_0074.JPG 5472 3648
3702.66969638218188265455 0 2737.62394025400953978533
0 3702.66969638218188265455 1825.82381810624679019384
0 0 1
0.00392968482903147207 -0.00931173186977227868 0.00877716301382882799
-0.00012509087686781830 0.00029025183408360047
-7.44683970318522447940 40.76624090156342816726 9.03846918549811029209
0.47169933740256253518 0.87964786416586193685 -0.06098663921237759689
0.88132735557443298013 -0.47250416275125001198 0.00138148431664450303
-0.02760122117154205704 -0.05440083869921001625 -0.99813762645171444365
DJI_0075.JPG 5472 3648
