DJI_0001.JPG
FC6310_8.8_5472x3648 (RGB)
PerspectiveCamera5
global
F,C0_x,C0_y,R1,R2,R3,T1,T2,X,Y,Z,Alpha,Beta,Gamma
1, -0.73051, -0.304209, 0.205054, -0.323996, 0.472636, -0.0234324, 0.035903, 0.0639662, 0.0363177, 0.945304, -0.0283223, -0.0681022, -0.00163181
-0.73051, 1, 0.264778, -0.143831, 0.243727, -0.354886, 0.0280359, 0.0792738, -0.140112, -0.098767, -0.690877, 0.0158352, 0.0457345, 0.0167155
-0.304209, 0.264778, 1, -0.0824368, 0.101751, -0.146061, 0.134816, -0.0272581, -0.140739, 0.0962931, -0.285344, 0.0146938, 0.00211109, 0.00601064
0.205054, -0.143831, -0.0824368, 1, -0.927418, 0.846166, -0.0259827, -0.0333341, 0.0314431, 0.0747177, 0.195521, -0.0605777, 0.0539595, -0.00256319
-0.323996, 0.243727, 0.101751, -0.927418, 1, -0.972333, 0.0141479, -0.00700086, -0.026998, -0.0136803, -0.308384, 0.00896089, 0.0217025, -0.000593427
0.472636, -0.354886, -0.146061, 0.846166, -0.972333, 1, -0.0164753, 0.0164986, 0.0304679, 0.0121139, 0.450155, -0.0100889, -0.0422316, -0.00154483
-0.0234324, 0.0280359, 0.134816, -0.0259827, 0.0141479, -0.0164753, 1, -0.00442382, -0.0180324, 0.0157189, -0.018391, 0.0386511, -0.0160925, -0.0289439
0.035903, 0.0792738, -0.0272581, -0.0333341, -0.00700086, 0.0164986, -0.00442382, 1, 0.0351877, -0.031636, 0.0313887, 0.0285519, 0.00768752, 0.102356
0.0639662, -0.140112, -0.140739, 0.0314431, -0.026998, 0.0304679, -0.0180324, 0.0351877, 1, -0.0565481, 0.139501, 0.515435, 0.550387, 0.364717
0.0363177, -0.098767, 0.0962931, 0.0747177, -0.0136803, 0.0121139, 0.0157189, -0.031636, -0.0565481, 1, -0.101022, -0.635144, 0.612941, -0.111307
0.945304, -0.690877, -0.285344, 0.195521, -0.308384, 0.450155, -0.018391, 0.0313887, 0.139501, -0.101022, 1, 0.188076, -0.133034, 0.0760685
-0.0283223, 0.0158352, 0.0146938, -0.0605777, 0.00896089, -0.0100889, 0.0386511, 0.0285519, 0.515435, -0.635144, 0.188076, 1, -0.14315, 0.316297
-0.0681022, 0.0457345, 0.00211109, 0.0539595, 0.0217025, -0.0422316, -0.0160925, 0.00768752, 0.550387, 0.612941, -0.133034, -0.14315, 1, -0.10142
-0.00163181, 0.0167155, 0.00601064, -0.00256319, -0.000593427, -0.00154483, -0.0289439, 0.102356, 0.364717, -0.111307, 0.0760685, 0.316297, -0.10142, 1
DJI_0002.JPG
FC6310_8.8_5472x3648 (RGB)
PerspectiveCamera5
global
F,C0_x,C0_y,R1,R2,R3,T1,T2,X,Y,Z,Alpha,Beta,Gamma
1, -0.73051, -0.304209, 0.205054, -0.323996, 0.472636, -0.0234324, 0.035903, -0.0172672, 0.0131733, 0.953965, -0.0466324, -0.119918, -0.00644945
-0.73051, 1, 0.264778, -0.143831, 0.243727, -0.354886, 0.0280359, 0.0792738, -0.0942238, -0.0714684, -0.697572, 0.0306657, 0.083222, 0.0232617
-0.304209, 0.264778, 1, -0.0824368, 0.101751, -0.146061, 0.134816, -0.0272581, -0.102478, 0.120603, -0.28824, 0.0220358, 0.01803, 0.00730038
0.205054, -0.143831, -0.0824368, 1, -0.927418, 0.846166, -0.0259827, -0.0333341, 0.0191835, 0.0692648, 0.19908, -0.0699738, 0.0383143, -0.00156886
-0.323996, 0.243727, 0.101751, -0.927418, 1, -0.972333, 0.0141479, -0.00700086, -0.00150798, -0.00580726, -0.31116, 0.0152118, 0.0381123, -0.00340588
0.472636, -0.354886, -0.146061, 0.846166, -0.972333, 1, -0.0164753, 0.0164986, -0.0069336, 0.000771753, 0.45414, -0.0175013, -0.0656744, 0.000459143
-0.0234324, 0.0280359, 0.134816, -0.0259827, 0.0141479, -0.0164753, 1, -0.00442382, -0.0122216, 0.0148719, -0.0190937, 0.0414643, -0.0147582, -0.026471
0.035903, 0.0792738, -0.0272581, -0.0333341, -0.00700086, 0.0164986, -0.00442382, 1, 0.0258717, -0.0361703, 0.0305274, 0.0283993, 0.00939212, 0.0966947
-0.0172672, -0.0942238, -0.102478, 0.0191835, -0.00150798, -0.0069336, -0.0122216, 0.0258717, 1, -0.0194117, 0.0391398, 0.416917, 0.656824, 0.360021
0.0131733, -0.0714684, 0.120603, 0.0692648, -0.00580726, 0.000771753, 0.0148719, -0.0361703, -0.0194117, 1, -0.108523, -0.722313, 0.547262, -0.166061
0.953965, -0.697572, -0.28824, 0.19908, -0.31116, 0.45414, -0.0190937, 0.0305274, 0.0391398, -0.108523, 1, 0.138007, -0.160354, 0.0658319
-0.0466324, 0.0306657, 0.0220358, -0.0699738, 0.0152118, -0.0175013, 0.0414643, 0.0283993, 0.416917, -0.722313, 0.138007, 1, -0.145735, 0.334282
-0.119918, 0.083222, 0.01803, 0.0383143, 0.0381123, -0.0656744, -0.0147582, 0.00939212, 0.656824, 0.547262, -0.160354, -0.145735, 1, -0.0638302
-0.00644945, 0.0232617, 0.00730038, -0.00156886, -0.00340588, 0.000459143, -0.026471, 0.0966947, 0.360021, -0.166061, 0.0658319, 0.334282, -0.0638302, 1
DJI_0003.JPG
FC6310_8.8_5472x3648 (RGB)
PerspectiveCamera5
global
F,C0_x,C0_y,R1,R2,R3,T1,T2,X,Y,Z,Alpha,Beta,Gamma
1, -0.73051, -0.304209, 0.205054, -0.323996, 0.472636, -0.0234324, 0.035903, -0.0491988, 0.0259653, 0.961228, -0.0643746, -0.13187, -0.00919643
-0.73051, 1, 0.264778, -0.143831, 0.243727, -0.354886, 0.0280359, 0.0792738, -0.0745487, -0.0848661, -0.70282, 0.0440146, 0.0920608, 0.027101
-0.304209, 0.264778, 1, -0.0824368, 0.101751, -0.146061, 0.134816, -0.0272581, -0.096176, 0.121858, -0.290584, 0.0270963, 0.0212284, 0.0097561
0.205054, -0.143831, -0.0824368, 1, -0.927418, 0.846166, -0.0259827, -0.0333341, 0.0154679, 0.069197, 0.202383, -0.0702928, 0.0348913, -0.00197607
-0.323996, 0.243727, 0.101751, -0.927418, 1, -0.972333, 0.0141479, -0.00700086, 0.010363, -0.00755372, -0.313537, 0.0196637, 0.0447501, -0.00298485
0.472636, -0.354886, -0.146061, 0.846166, -0.972333, 1, -0.0164753, 0.0164986, -0.0236072, 0.00470692, 0.457503, -0.0247682, -0.0738091, -0.000487178
-0.0234324, 0.0280359, 0.134816, -0.0259827, 0.0141479, -0.0164753, 1, -0.00442382, -0.00738064, 0.0129896, -0.0197717, 0.0434761, -0.0149714, -0.0249951
0.035903, 0.0792738, -0.0272581, -0.0333341, -0.00700086, 0.0164986, -0.00442382, 1, 0.0193052, -0.0393194, 0.0296799, 0.027251, 0.0085923, 0.089409
-0.0491988, -0.0745487, -0.096176, 0.0154679, 0.010363, -0.0236072, -0.00738064, 0.0193052, 1, 0.02444, -0.0135064, 0.403851, 0.686632, 0.338925
0.0259653, -0.0848661, 0.121858, 0.069197, -0.00755372, 0.00470692, 0.0129896, -0.0393194, 0.02444, 1, -0.0805152, -0.73133, 0.559313, -0.210097
0.961228, -0.70282, -0.290584, 0.202383, -0.313537, 0.457503, -0.0197717, 0.0296799, -0.0135064, -0.0805152, 1, 0.0878873, -0.175963, 0.0506879
-0.0643746, 0.0440146, 0.0270963, -0.0702928, 0.0196637, -0.0247682, 0.0434761, 0.027251, 0.403851, -0.73133, 0.0878873, 1, -0.143459, 0.334441
-0.13187, 0.0920608, 0.0212284, 0.0348913, 0.0447501, -0.0738091, -0.0149714, 0.0085923, 0.686632, 0.559313, -0.175963, -0.143459, 1, -0.0675053
-0.00919643, 0.027101, 0.0097561, -0.00197607, -0.00298485, -0.000487178, -0.0249951, 0.089409, 0.338925, -0.210097, 0.0506879, 0.334441, -0.0675053, 1
DJI_0004.JPG
FC6310_8.8_5472x3648 (RGB)
PerspectiveCamera5
global
F,C0_x,C0_y,R1,R2,R3,T1,T2,X,Y,Z,Alpha,Beta,Gamma
1, -0.73051, -0.304209, 0.205054, -0.323996, 0.472636, -0.0234324, 0.035903, -0.127314, 0.000996281, 0.9665, -0.0806655, -0.179704, -0.0141904
-0.73051, 1, 0.264778, -0.143831, 0.243727, -0.354886, 0.0280359, 0.0792738, -0.0221739, -0.0714789, -0.707108, 0.0567249, 0.126949, 0.0335159
-0.304209, 0.264778, 1, -0.0824368, 0.101751, -0.146061, 0.134816, -0.0272581, -0.0747114, 0.14005, -0.292339, 0.0312132, 0.0354273, 0.0106791
0.205054, -0.143831, -0.0824368, 1, -0.927418, 0.846166, -0.0259827, -0.0333341, 0.00223708, 0.063524, 0.205245, -0.0741471, 0.0248387, -0.00369695
-0.323996, 0.243727, 0.101751, -0.927418, 1, -0.972333, 0.0141479, -0.00700086, 0.0376229, 0.00184431, -0.315194, 0.025237, 0.0624258, -0.00238842
0.472636, -0.354886, -0.146061, 0.846166, -0.972333, 1, -0.0164753, 0.0164986, -0.0626935, -0.00814891, 0.459865, -0.032854, -0.0984864, -0.00203037
-0.0234324, 0.0280359, 0.134816, -0.0259827, 0.0141479, -0.0164753, 1, -0.00442382, -0.0023532, 0.0126791, -0.0204869, 0.0474449, -0.014492, -0.0243808
0.035903, 0.0792738, -0.0272581, -0.0333341, -0.00700086, 0.0164986, -0.00442382, 1, 0.0110115, -0.0441815, 0.0287872, 0.027358, 0.00668027, 0.0841724
-0.127314, -0.0221739, -0.0747114, 0.00223708, 0.0376229, -0.0626935, -0.0023532, 0.0110115, 1, 0.0823022, -0.106022, 0.375341, 0.723308, 0.32022
0.000996281, -0.0714789, 0.14005, 0.063524, 0.00184431, -0.00814891, 0.0126791, -0.0441815, 0.0823022, 1, -0.0879251, -0.721998, 0.565252, -0.23693
0.9665, -0.707108, -0.292339, 0.205245, -0.315194, 0.459865, -0.0204869, 0.0287872, -0.106022, -0.0879251, 1, 0.0457494, -0.219848, 0.0356088
-0.0806655, 0.0567249, 0.0312132, -0.0741471, 0.025237, -0.032854, 0.0474449, 0.027358, 0.375341, -0.721998, 0.0457494, 1, -0.128983, 0.331081
-0.179704, 0.126949, 0.0354273, 0.0248387, 0.0624258, -0.0984864, -0.014492, 0.00668027, 0.723308, 0.565252, -0.219848, -0.128983, 1, -0.0612807
-0.0141904, 0.0335159, 0.0106791, -0.00369695, -0.00238842, -0.00203037, -0.0243808, 0.0841724, 0.32022, -0.23693, 0.0356088, 0.331081, -0.0612807, 1
DJI_0005.JPG
FC6310_8.8_5472x3648 (RGB)
PerspectiveCamera5
global
F,C0_x,C0_y,R1,R2,R3,T1,T2,X,Y,Z,Alpha,Beta,Gamma
1, -0.73051, -0.304209, 0.205054, -0.323996, 0.472636, -0.0234324, 0.035903, -0.185829, -0.00846968, 0.972133, -0.106941, -0.214668, -0.0194654
-0.73051, 1, 0.264778, -0.143831, 0.243727, -0.354886, 0.0280359, 0.0792738, 0.0102849, -0.0724816, -0.711441, 0.0761685, 0.15276, 0.0406776
-0.304209, 0.264778, 1, -0.0824368, 0.101751, -0.146061, 0.134816, -0.0272581, -0.0652748, 0.159012, -0.294158, 0.0382268, 0.0458335, 0.0127394
0.205054, -0.143831, -0.0824368, 1, -0.927418, 0.846166, -0.0259827, -0.0333341, -0.0012083, 0.0626352, 0.20772, -0.0797862, 0.0234505, -0.00595996
-0.323996, 0.243727, 0.101751, -0.927418, 1, -0.972333, 0.0141479, -0.00700086, 0.0556633, 0.00626614, -0.316995, 0.0321043, 0.0734322, -0.00121048
0.472636, -0.354886, -0.146061, 0.846166, -0.972333, 1, -0.0164753, 0.0164986, -0.0910305, -0.0136847, 0.462403, -0.0445958, -0.115762, -0.00409103
-0.0234324, 0.0280359, 0.134816, -0.0259827, 0.0141479, -0.0164753, 1, -0.00442382, 0.00157285, 0.0104647, -0.0210448, 0.0569514, -0.0156976, -0.022756
0.035903, 0.0792738, -0.0272581, -0.0333341, -0.00700086, 0.0164986, -0.00442382, 1, 0.00351503, -0.0499299, 0.0281988, 0.0291113, 0.00519792, 0.0805843
-0.185829, 0.0102849, -0.0652748, -0.0012083, 0.0556633, -0.0910305, 0.00157285, 0.00351503, 1, 0.178382, -0.179388, 0.306356, 0.749214, 0.275866
-0.00846968, -0.0724816, 0.159012, 0.0626352, 0.00626614, -0.0136847, 0.0104647, -0.0499299, 0.178382, 1, -0.0804556, -0.698354, 0.601628, -0.23748
0.972133, -0.711441, -0.294158, 0.20772, -0.316995, 0.462403, -0.0210448, 0.0281988, -0.179388, -0.0804556, 1, -0.00276106, -0.253875, 0.0205498
-0.106941, 0.0761685, 0.0382268, -0.0797862, 0.0321043, -0.0445958, 0.0569514, 0.0291113, 0.306356, -0.698354, -0.00276106, 1, -0.15473, 0.288005
-0.214668, 0.15276, 0.0458335, 0.0234505, 0.0734322, -0.115762, -0.0156976, 0.00519792, 0.749214, 0.601628, -0.253875, -0.15473, 1, -0.0714813
-0.0194654, 0.0406776, 0.0127394, -0.00595996, -0.00121048, -0.00409103, -0.022756, 0.0805843, 0.275866, -0.23748, 0.0205498, 0.288005, -0.0714813, 1
DJI_0006.JPG
FC6310_8.8_5472x3648 (RGB)
PerspectiveCamera5
global
F,C0_x,C0_y,R1,R2,R3,T1,T2,X,Y,Z,Alpha,Beta,Gamma
1, -0.73051, -0.304209, 0.205054, -0.323996, 0.472636, -0.0234324, 0.035903, -0.246865, 0.00131038, 0.974307, -0.143535, -0.240485, -0.0259807
-0.73051, 1, 0.264778, -0.143831, 0.243727, -0.354886, 0.0280359, 0.0792738, 0.052045, -0.0826734, -0.713234, 0.103596, 0.171967, 0.047862
-0.304209, 0.264778, 1, -0.0824368, 0.101751, -0.146061, 0.134816, -0.0272581, -0.0468538, 0.16216, -0.294968, 0.0490358, 0.0540692, 0.0109741
0.205054, -0.143831, -0.0824368, 1, -0.927418, 0.846166, -0.0259827, -0.0333341, -0.00998696, 0.0624592, 0.209147, -0.0850495, 0.0189636, -0.00945051
-0.323996, 0.243727, 0.101751, -0.927418, 1, -0.972333, 0.0141479, -0.00700086, 0.076357, 0.00389655, -0.317529, 0.0436783, 0.0825886, 0.00126072
0.472636, -0.354886, -0.146061, 0.846166, -0.972333, 1, -0.0164753, 0.0164986, -0.120866, -0.00961486, 0.463272, -0.061786, -0.128659, -0.00708743
-0.0234324, 0.0280359, 0.134816, -0.0259827, 0.0141479, -0.0164753, 1, -0.00442382, 0.00483141, 0.00958893, -0.0215938, 0.0615028, -0.0160952, -0.0185898
0.035903, 0.0792738, -0.0272581, -0.0333341, -0.00700086, 0.0164986, -0.00442382, 1, -0.00451063, -0.052246, 0.0274721, 0.0277045, 0.00294773, 0.0725645
-0.246865, 0.052045, -0.0468538, -0.00998696, 0.076357, -0.120866, 0.00483141, -0.00451063, 1, 0.226456, -0.253312, 0.262362, 0.765443, 0.253631
0.00131038, -0.0826734, 0.16216, 0.0624592, 0.00389655, -0.00961486, 0.00958893, -0.052246, 0.226456, 1, -0.060098, -0.694511, 0.61902, -0.293802
0.974307, -0.713234, -0.294968, 0.209147, -0.317529, 0.463272, -0.0215938, 0.0274721, -0.253312, -0.060098, 1, -0.0580927, -0.28219, 0.00792132
-0.143535, 0.103596, 0.0490358, -0.0850495, 0.0436783, -0.061786, 0.0615028, 0.0277045, 0.262362, -0.694511, -0.0580927, 1, -0.177948, 0.320803
-0.240485, 0.171967, 0.0540692, 0.0189636, 0.0825886, -0.128659, -0.0160952, 0.00294773, 0.765443, 0.61902, -0.28219, -0.177948, 1, -0.0846959
-0.0259807, 0.047862, 0.0109741, -0.00945051, 0.00126072, -0.00708743, -0.0185898, 0.0725645, 0.253631, -0.293802, 0.00792132, 0.320803, -0.0846959, 1
DJI_0007.JPG
FC6310_8.8_5472x3648 (RGB)
PerspectiveCamera5
global
F,C0_x,C0_y,R1,R2,R3,T1,T2,X,Y,Z,Alpha,Beta,Gamma
1, -0.73051, -0.304209, 0.205054, -0.323996, 0.472636, -0.0234324, 0.035903, -0.251527, -0.00777107, 0.975172, -0.14171, -0.24339, -0.0286457
-0.73051, 1, 0.264778, -0.143831, 0.243727, -0.354886, 0.0280359, 0.0792738, 0.0550884, -0.0762359, -0.713763, 0.102927, 0.174332, 0.0497799
-0.304209, 0.264778, 1, -0.0824368, 0.101751, -0.146061, 0.134816, -0.0272581, -0.0442365, 0.162619, -0.295092, 0.0492462, 0.0549174, 0.00856576
0.205054, -0.143831, -0.0824368, 1, -0.927418, 0.846166, -0.0259827, -0.0333341, -0.00957465, 0.0564186, 0.210198, -0.0798208, 0.017209, -0.0116297
-0.323996, 0.243727, 0.101751, -0.927418, 1, -0.972333, 0.0141479, -0.00700086, 0.079849, 0.00730887, -0.317736, 0.0438179, 0.0851018, 0.0029625
0.472636, -0.354886, -0.146061, 0.846166, -0.972333, 1, -0.0164753, 0.0164986, -0.124892, -0.0139927, 0.463638, -0.0619086, -0.131316, -0.00876552
-0.0234324, 0.0280359, 0.134816, -0.0259827, 0.0141479, -0.0164753, 1, -0.00442382, 0.0072767, 0.0113595, -0.0219827, 0.0596051, -0.015129, -0.0130055
0.035903, 0.0792738, -0.0272581, -0.0333341, -0.00700086, 0.0164986, -0.00442382, 1, -0.00948761, -0.0500732, 0.026767, 0.0222477, 0.00268397, 0.0619494
-0.251527, 0.0550884, -0.0442365, -0.00957465, 0.079849, -0.124892, 0.0072767, -0.00948761, 1, 0.251584, -0.265589, 0.23385, 0.771876, 0.248566
-0.00777107, -0.0762359, 0.162619, 0.0564186, 0.00730887, -0.0139927, 0.0113595, -0.0500732, 0.251584, 1, -0.0615642, -0.701518, 0.633071, -0.323357
0.975172, -0.713763, -0.295092, 0.210198, -0.317736, 0.463638, -0.0219827, 0.026767, -0.265589, -0.0615642, 1, -0.069571, -0.285815, -0.00118154
-0.14171, 0.102927, 0.0492462, -0.0798208, 0.0438179, -0.0619086, 0.0596051, 0.0222477, 0.23385, -0.701518, -0.069571, 1, -0.199435, 0.337615
-0.24339, 0.174332, 0.0549174, 0.017209, 0.0851018, -0.131316, -0.015129, 0.00268397, 0.771876, 0.633071, -0.285815, -0.199435, 1, -0.0774222
-0.0286457, 0.0497799, 0.00856576, -0.0116297, 0.0029625, -0.00876552, -0.0130055, 0.0619494, 0.248566, -0.323357, -0.00118154, 0.337615, -0.0774222, 1
DJI_0008.JPG
FC6310_8.8_5472x3648 (RGB)
PerspectiveCamera5
global
F,C0_x,C0_y,R1,R2,R3,T1,T2,X,Y,Z,Alpha,Beta,Gamma
1, -0.73051, -0.304209, 0.205054, -0.323996, 0.472636, -0.0234324, 0.035903, -0.210438, -0.024545, 0.975561, -0.116515, -0.228452, -0.0263276
-0.73051, 1, 0.264778, -0.143831, 0.243727, -0.354886, 0.0280359, 0.0792738, 0.0228371, -0.0635848, -0.71375, 0.0852597, 0.163083, 0.0471696
-0.304209, 0.264778, 1, -0.0824368, 0.101751, -0.146061, 0.134816, -0.0272581, -0.0562723, 0.167026, -0.294841, 0.0404475, 0.0502198, 0.0079751
0.205054, -0.143831, -0.0824368, 1, -0.927418, 0.846166, -0.0259827, -0.0333341, 0.000726353, 0.0499526, 0.211107, -0.0714731, 0.0199138, -0.0112565
-0.323996, 0.243727, 0.101751, -0.927418, 1, -0.972333, 0.0141479, -0.00700086, 0.0684002, 0.0114568, -0.31779, 0.0386977, 0.0809997, 0.00259113
0.472636, -0.354886, -0.146061, 0.846166, -0.972333, 1, -0.0164753, 0.0164986, -0.107269, -0.0201043, 0.463778, -0.0534583, -0.124693, -0.00780143
-0.0234324, 0.0280359, 0.134816, -0.0259827, 0.0141479, -0.0164753, 1, -0.00442382, 0.00885012, 0.0128934, -0.0222981, 0.0581298, -0.0144926, -0.00951803
0.035903, 0.0792738, -0.0272581, -0.0333341, -0.00700086, 0.0164986, -0.00442382, 1, -0.012692, -0.0491295, 0.0261331, 0.0193687, 0.00260137, 0.048467
-0.210438, 0.0228371, -0.0562723, 0.000726353, 0.0684002, -0.107269, 0.00885012, -0.012692, 1, 0.268714, -0.234847, 0.194123, 0.773516, 0.230044
-0.024545, -0.0635848, 0.167026, 0.0499526, 0.0114568, -0.0201043, 0.0128934, -0.0491295, 0.268714, 1, -0.0697599, -0.713588, 0.641322, -0.333905
0.975561, -0.71375, -0.294841, 0.211107, -0.31779, 0.463778, -0.0222981, 0.0261331, -0.234847, -0.0697599, 1, -0.0597563, -0.272839, -0.00789229
-0.116515, 0.0852597, 0.0404475, -0.0714731, 0.0386977, -0.0534583, 0.0581298, 0.0193687, 0.194123, -0.713588, -0.0597563, 1, -0.230318, 0.316458
-0.228452, 0.163083, 0.0502198, 0.0199138, 0.0809997, -0.124693, -0.0144926, 0.00260137, 0.773516, 0.641322, -0.272839, -0.230318, 1, -0.0769468
-0.0263276, 0.0471696, 0.0079751, -0.0112565, 0.00259113, -0.00780143, -0.00951803, 0.048467, 0.230044, -0.333905, -0.00789229, 0.316458, -0.0769468, 1
DJI_0009.JPG
FC6310_8.8_5472x3648 (RGB)
PerspectiveCamera5
global
F,C0_x,C0_y,R1,R2,R3,T1,T2,X,Y,Z,Alpha,Beta,Gamma
1, -0.73051, -0.304209, 0.205054, -0.323996, 0.472636, -0.0234324, 0.035903, -0.277945, 0.00461172, 0.976774, -0.164036, -0.251357, -0.0310437
-0.73051, 1, 0.264778, -0.143831, 0.243727, -0.354886, 0.0280359, 0.0792738, 0.0716619, -0.0840296, -0.714893, 0.120398, 0.179589, 0.0523388
-0.304209, 0.264778, 1, -0.0824368, 0.101751, -0.146061, 0.134816, -0.0272581, -0.0335443, 0.158055, -0.2955, 0.0539572, 0.0565766, 0.00439726
0.205054, -0.143831, -0.0824368, 1, -0.927418, 0.846166, -0.0259827, -0.0333341, -0.0120265, 0.0532993, 0.212034, -0.0784444, 0.0146237, -0.013047
-0.323996, 0.243727, 0.101751, -0.927418, 1, -0.972333, 0.0141479, -0.00700086, 0.092783, 0.000754583, -0.318322, 0.0578668, 0.0895305, 0.00478801
0.472636, -0.354886, -0.146061, 0.846166, -0.972333, 1, -0.0164753, 0.0164986, -0.141531, -0.00491764, 0.464498, -0.0796619, -0.136491, -0.0103971
-0.0234324, 0.0280359, 0.134816, -0.0259827, 0.0141479, -0.0164753, 1, -0.00442382, 0.0123329, 0.0122525, -0.0226306, 0.0594316, -0.0129248, -0.006201
0.035903, 0.0792738, -0.0272581, -0.0333341, -0.00700086, 0.0164986, -0.00442382, 1, -0.020592, -0.0445267, 0.0258319, 0.0115207, 0.000938642, 0.0352951
-0.277945, 0.0716619, -0.0335443, -0.0120265, 0.092783, -0.141531, 0.0123329, -0.020592, 1, 0.270887, -0.303972, 0.170372, 0.786297, 0.239975
0.00461172, -0.0840296, 0.158055, 0.0532993, 0.000754583, -0.00491764, 0.0122525, -0.0445267, 0.270887, 1, -0.0342289, -0.727297, 0.633775, -0.355351
0.976774, -0.714893, -0.2955, 0.212034, -0.318322, 0.464498, -0.0226306, 0.0258319, -0.303972, -0.0342289, 1, -0.115686, -0.293092, -0.021367
-0.164036, 0.120398, 0.0539572, -0.0784444, 0.0578668, -0.0796619, 0.0594316, 0.0115207, 0.170372, -0.727297, -0.115686, 1, -0.239005, 0.330056
-0.251357, 0.179589, 0.0565766, 0.0146237, 0.0895305, -0.136491, -0.0129248, 0.000938642, 0.786297, 0.633775, -0.293092, -0.239005, 1, -0.0616665
-0.0310437, 0.0523388, 0.00439726, -0.013047, 0.00478801, -0.0103971, -0.006201, 0.0352951, 0.239975, -0.355351, -0.021367, 0.330056, -0.0616665, 1
DJI_0010.JPG
FC6310_8.8_5472x3648 (RGB)
PerspectiveCamera5
global
F,C0_x,C0_y,R1,R2,R3,T1,T2,X,Y,Z,Alpha,Beta,Gamma
1, -0.73051, -0.304209, 0.205054, -0.323996, 0.472636, -0.0234324, 0.035903, -0.264785, -0.0213049, 0.976913, -0.139793, -0.250354, -0.0265205
-0.73051, 1, 0.264778, -0.143831, 0.243727, -0.354886, 0.0280359, 0.0792738, 0.0620926, -0.0636667, -0.714927, 0.103065, 0.178908, 0.0483262
-0.304209, 0.264778, 1, -0.0824368, 0.101751, -0.146061, 0.134816, -0.0272581, -0.0369792, 0.161094, -0.295138, 0.0454755, 0.0562759, 0.00167702
0.205054, -0.143831, -0.0824368, 1, -0.927418, 0.846166, -0.0259827, -0.0333341, -0.00863393, 0.0451242, 0.212676, -0.0696447, 0.0141392, -0.0106561
-0.323996, 0.243727, 0.101751, -0.927418, 1, -0.972333, 0.0141479, -0.00700086, 0.0911688, 0.00731065, -0.318546, 0.0542614, 0.0903439, 0.00328999
0.472636, -0.354886, -0.146061, 0.846166, -0.972333, 1, -0.0164753, 0.0164986, -0.137737, -0.0150982, 0.46479, -0.0725154, -0.136901, -0.0082848
-0.0234324, 0.0280359, 0.134816, -0.0259827, 0.0141479, -0.0164753, 1, -0.00442382, 0.0126952, 0.0138227, -0.0229385, 0.0554257, -0.0127352, -0.00529211
0.035903, 0.0792738, -0.0272581, -0.0333341, -0.00700086, 0.0164986, -0.00442382, 1, -0.0248342, -0.0406308, 0.0255582, 0.00517831, 0.000216094, 0.0216395
-0.264785, 0.0620926, -0.0369792, -0.00863393, 0.0911688, -0.137737, 0.0126952, -0.0248342, 1, 0.26714, -0.292911, 0.157398, 0.785489, 0.263219
-0.0213049, -0.0636667, 0.161094, 0.0451242, 0.00731065, -0.0150982, 0.0138227, -0.0406308, 0.26714, 1, -0.0548948, -0.735309, 0.635733, -0.359538
0.976913, -0.714927, -0.295138, 0.212676, -0.318546, 0.46479, -0.0229385, 0.0255582, -0.292911, -0.0548948, 1, -0.0965042, -0.29095, -0.0263352
-0.139793, 0.103065, 0.0454755, -0.0696447, 0.0542614, -0.0725154, 0.0554257, 0.00517831, 0.157398, -0.735309, -0.0965042, 1, -0.252132, 0.325201
-0.250354, 0.178908, 0.0562759, 0.0141392, 0.0903439, -0.136901, -0.0127352, 0.000216094, 0.785489, 0.635733, -0.29095, -0.252132, 1, -0.0453997
-0.0265205, 0.0483262, 0.00167702, -0.0106561, 0.00328999, -0.0082848, -0.00529211, 0.0216395, 0.263219, -0.359538, -0.0263352, 0.325201, -0.0453997, 1
DJI_0011.JPG
FC6310_8.8_5472x3648 (RGB)
PerspectiveCamera5
global
F,C0_x,C0_y,R1,R2,R3,T1,T2,X,Y,Z,Alpha,Beta,Gamma
1, -0.73051, -0.304209, 0.205054, -0.323996, 0.472636, -0.0234324, 0.035903, -0.270443, -0.0256559, 0.978033, -0.134683, -0.249542, -0.0251152
-0.73051, 1, 0.264778, -0.143831, 0.243727, -0.354886, 0.0280359, 0.0792738, 0.0647573, -0.0604874, -0.715746, 0.100927, 0.178305, 0.0488912
-0.304209, 0.264778, 1, -0.0824368, 0.101751, -0.146061, 0.134816, -0.0272581, -0.0371535, 0.159491, -0.295207, 0.0417525, 0.0558243, -1.63683e-05
0.205054, -0.143831, -0.0824368, 1, -0.927418, 0.846166, -0.0259827, -0.0333341, -0.00830825, 0.0417819, 0.21324, -0.0634022, 0.0138462, -0.011736
-0.323996, 0.243727, 0.101751, -0.927418, 1, -0.972333, 0.0141479, -0.00700086, 0.0953588, 0.00688628, -0.31923, 0.0560353, 0.0905094, 0.00424193
0.472636, -0.354886, -0.146061, 0.846166, -0.972333, 1, -0.0164753, 0.0164986, -0.14253, -0.0151922, 0.465641, -0.0736402, -0.136652, -0.00871794
-0.0234324, 0.0280359, 0.134816, -0.0259827, 0.0141479, -0.0164753, 1, -0.00442382, 0.0132052, 0.0141183, -0.0231274, 0.0522881, -0.0123611, -0.00126114
0.035903, 0.0792738, -0.0272581, -0.0333341, -0.00700086, 0.0164986, -0.00442382, 1, -0.0257706, -0.0400116, 0.0256087, 0.00597199, 0.000541956, 0.0135348
-0.270443, 0.0647573, -0.0371535, -0.00830825, 0.0953588, -0.14253, 0.0132052, -0.0257706, 1, 0.2904, -0.294736, 0.121718, 0.782946, 0.240688
-0.0256559, -0.0604874, 0.159491, 0.0417819, 0.00688628, -0.0151922, 0.0141183, -0.0400116, 0.2904, 1, -0.0620304, -0.741105, 0.667648, -0.356079
0.978033, -0.715746, -0.295207, 0.21324, -0.31923, 0.465641, -0.0231274, 0.0256087, -0.294736, -0.0620304, 1, -0.0847886, -0.288164, -0.0171368
-0.134683, 0.100927, 0.0417525, -0.0634022, 0.0560353, -0.0736402, 0.0522881, 0.00597199, 0.121718, -0.741105, -0.0847886, 1, -0.304408, 0.323563
-0.249542, 0.178305, 0.0558243, 0.0138462, 0.0905094, -0.136652, -0.0123611, 0.000541956, 0.782946, 0.667648, -0.288164, -0.304408, 1, -0.0710646
-0.0251152, 0.0488912, -1.63683e-05, -0.011736, 0.00424193, -0.00871794, -0.00126114, 0.0135348, 0.240688, -0.356079, -0.0171368, 0.323563, -0.0710646, 1
DJI_0012.JPG
FC6310_8.8_5472x3648 (RGB)
PerspectiveCamera5
global
F,C0_x,C0_y,R1,R2,R3,T1,T2,X,Y,Z,Alpha,Beta,Gamma
1, -0.73051, -0.304209, 0.205054, -0.323996, 0.472636, -0.0234324, 0.035903, -0.285747, 0.00168703, 0.978551, -0.148919, -0.252006, -0.0239356
-0.73051, 1, 0.264778, -0.143831, 0.243727, -0.354886, 0.0280359, 0.0792738, 0.0737352, -0.0769277, -0.716136, 0.112276, 0.180243, 0.0480891
-0.304209, 0.264778, 1, -0.0824368, 0.101751, -0.146061, 0.134816, -0.0272581, -0.0282811, 0.15072, -0.29521, 0.0460745, 0.0558958, 0.000800084
0.205054, -0.143831, -0.0824368, 1, -0.927418, 0.846166, -0.0259827, -0.0333341, -0.00873467, 0.043424, 0.213765, -0.0604094, 0.0138625, -0.0109233
-0.323996, 0.243727, 0.101751, -0.927418, 1, -0.972333, 0.0141479, -0.00700086, 0.100907, -0.00193622, -0.319731, 0.0604271, 0.0917437, 0.00363362
0.472636, -0.354886, -0.146061, 0.846166, -0.972333, 1, -0.0164753, 0.0164986, -0.150002, -0.00238195, 0.466264, -0.0796771, -0.138087, -0.00749334
-0.0234324, 0.0280359, 0.134816, -0.0259827, 0.0141479, -0.0164753, 1, -0.00442382, 0.0137134, 0.0146834, -0.023353, 0.0499256, -0.012189, 0.00288726
0.035903, 0.0792738, -0.0272581, -0.0333341, -0.00700086, 0.0164986, -0.00442382, 1, -0.0279128, -0.0371348, 0.025426, 0.00477342, 0.000654352, 0.0017818
-0.285747, 0.0737352, -0.0282811, -0.00873467, 0.100907, -0.150002, 0.0137134, -0.0279128, 1, 0.280124, -0.310098, 0.0960491, 0.78508, 0.215784
0.00168703, -0.0769277, 0.15072, 0.043424, -0.00193622, -0.00238195, 0.0146834, -0.0371348, 0.280124, 1, -0.0263568, -0.755505, 0.658868, -0.355977
0.978551, -0.716136, -0.29521, 0.213765, -0.319731, 0.466264, -0.023353, 0.025426, -0.310098, -0.0263568, 1, -0.109226, -0.285522, -0.0164383
-0.148919, 0.112276, 0.0460745, -0.0604094, 0.0604271, -0.0796771, 0.0499256, 0.00477342, 0.0960491, -0.755505, -0.109226, 1, -0.326286, 0.323358
-0.252006, 0.180243, 0.0558958, 0.0138625, 0.0917437, -0.138087, -0.012189, 0.000654352, 0.78508, 0.658868, -0.285522, -0.326286, 1, -0.0769527
-0.0239356, 0.0480891, 0.000800084, -0.0109233, 0.00363362, -0.00749334, 0.00288726, 0.0017818, 0.215784, -0.355977, -0.0164383, 0.323358, -0.0769527, 1
DJI_0013.JPG
FC6310_8.8_5472x3648 (RGB)
PerspectiveCamera5
global
F,C0_x,C0_y,R1,R2,R3,T1,T2,X,Y,Z,Alpha,Beta,Gamma
1, -0.73051, -0.304209, 0.205054, -0.323996, 0.472636, -0.0234324, 0.035903, -0.333753, -0.0816266, 0.97878, -0.10868, -0.295141, -0.0152013
-0.73051, 1, 0.264778, -0.143831, 0.243727, -0.354886, 0.0280359, 0.0792738, 0.114013, -0.0140324, -0.717011, 0.0841508, 0.212197, 0.0398821
-0.304209, 0.264778, 1, -0.0824368, 0.101751, -0.146061, 0.134816, -0.0272581, -0.00910675, 0.168983, -0.294673, 0.0337146, 0.069162, 0.00212609
0.205054, -0.143831, -0.0824368, 1, -0.927418, 0.846166, -0.0259827, -0.0333341, -0.015249, 0.0197636, 0.214288, -0.0398121, 0.00544476, -0.00448446
-0.323996, 0.243727, 0.101751, -0.927418, 1, -0.972333, 0.0141479, -0.00700086, 0.113607, 0.0276927, -0.320247, 0.0417537, 0.104203, -0.0021518
0.472636, -0.354886, -0.146061, 0.846166, -0.972333, 1, -0.0164753, 0.0164986, -0.169541, -0.0441375, 0.466762, -0.0554156, -0.156729, -0.000469127
-0.0234324, 0.0280359, 0.134816, -0.0259827, 0.0141479, -0.0164753, 1, -0.00442382, 0.013952, 0.0173002, -0.0235142, 0.0447184, -0.0108105, 0.00617593
0.035903, 0.0792738, -0.0272581, -0.0333341, -0.00700086, 0.0164986, -0.00442382, 1, -0.0331824, -0.0334994, 0.0253557, -0.00204445, -0.00211175, -0.00795529
-0.333753, 0.114013, -0.00910675, -0.015249, 0.113607, -0.169541, 0.013952, -0.0331824, 1, 0.257142, -0.353387, 0.13928, 0.793242, 0.196538
-0.0816266, -0.0140324, 0.168983, 0.0197636, 0.0276927, -0.0441375, 0.0173002, -0.0334994, 0.257142, 1, -0.0977381, -0.754569, 0.643121, -0.363926
0.97878, -0.717011, -0.294673, 0.214288, -0.320247, 0.466762, -0.0235142, 0.0253557, -0.353387, -0.0977381, 1, -0.0809377, -0.319906, -0.0201001
-0.10868, 0.0841508, 0.0337146, -0.0398121, 0.0417537, -0.0554156, 0.0447184, -0.00204445, 0.13928, -0.754569, -0.0809377, 1, -0.281875, 0.354624
-0.295141, 0.212197, 0.069162, 0.00544476, 0.104203, -0.156729, -0.0108105, -0.00211175, 0.793242, 0.643121, -0.319906, -0.281875, 1, -0.0909593
-0.0152013, 0.0398821, 0.00212609, -0.00448446, -0.0021518, -0.000469127, 0.00617593, -0.00795529, 0.196538, -0.363926, -0.0201001, 0.354624, -0.0909593, 1
DJI_0014.JPG
FC6310_8.8_5472x3648 (RGB)
PerspectiveCamera5
global
F,C0_x,C0_y,R1,R2,R3,T1,T2,X,Y,Z,Alpha,Beta,Gamma
1, -0.73051, -0.304209, 0.205054, -0.323996, 0.472636, -0.0234324, 0.035903, -0.300393, -0.141617, 0.978533, -0.0511235, -0.295273, -0.0063063
-0.73051, 1, 0.264778, -0.143831, 0.243727, -0.354886, 0.0280359, 0.0792738, 0.0921035, 0.0333104, -0.717068, 0.0415811, 0.21255, 0.0221207
-0.304209, 0.264778, 1, -0.0824368, 0.101751, -0.146061, 0.134816, -0.0272581, -0.0133446, 0.179943, -0.293767, 0.0171411, 0.0702442, 0.00417306
0.205054, -0.143831, -0.0824368, 1, -0.927418, 0.846166, -0.0259827, -0.0333341, -0.00639891, 0.00287086, 0.213814, -0.0217826, 0.00525582, -0.00531876
-0.323996, 0.243727, 0.101751, -0.927418, 1, -0.972333, 0.0141479, -0.00700086, 0.102368, 0.0480854, -0.320517, 0.0216941, 0.104054, -0.000619755
0.472636, -0.354886, -0.146061, 0.846166, -0.972333, 1, -0.0164753, 0.0164986, -0.152788, -0.0733111, 0.467065, -0.0265133, -0.156104, -0.000441054
-0.0234324, 0.0280359, 0.134816, -0.0259827, 0.0141479, -0.0164753, 1, -0.00442382, 0.0124778, 0.0195008, -0.0235183, 0.0365556, -0.0105592, 0.00793937
0.035903, 0.0792738, -0.0272581, -0.0333341, -0.00700086, 0.0164986, -0.00442382, 1, -0.0348635, -0.031598, 0.0257876, -0.00376914, -0.00362722, -0.0101279
-0.300393, 0.0921035, -0.0133446, -0.00639891, 0.102368, -0.152788, 0.0124778, -0.0348635, 1, 0.225532, -0.324977, 0.193888, 0.794537, 0.211342
-0.141617, 0.0333104, 0.179943, 0.00287086, 0.0480854, -0.0733111, 0.0195008, -0.031598, 0.225532, 1, -0.148368, -0.76621, 0.623326, -0.402662
0.978533, -0.717068, -0.293767, 0.213814, -0.320517, 0.467065, -0.0235183, 0.0257876, -0.324977, -0.148368, 1, -0.0388717, -0.321108, -0.0190981
-0.0511235, 0.0415811, 0.0171411, -0.0217826, 0.0216941, -0.0265133, 0.0365556, -0.00376914, 0.193888, -0.76621, -0.0388717, 1, -0.235785, 0.399499
-0.295273, 0.21255, 0.0702442, 0.00525582, 0.104054, -0.156104, -0.0105592, -0.00362722, 0.794537, 0.623326, -0.321108, -0.235785, 1, -0.0850212
-0.0063063, 0.0221207, 0.00417306, -0.00531876, -0.000619755, -0.000441054, 0.00793937, -0.0101279, 0.211342, -0.402662, -0.0190981, 0.399499, -0.0850212, 1
DJI_0015.JPG
FC6310_8.8_5472x3648 (RGB)
PerspectiveCamera5
global
F,C0_x,C0_y,R1,R2,R3,T1,T2,X,Y,Z,Alpha,Beta,Gamma
1, -0.73051, -0.304209, 0.205054, -0.323996, 0.472636, -0.0234324, 0.035903, -0.297641, -0.204022, 0.979944, -0.0202836, -0.313005, 0.0113215
-0.73051, 1, 0.264778, -0.143831, 0.243727, -0.354886, 0.0280359, 0.0792738, 0.0844104, 0.0833688, -0.718409, 0.0124001, 0.236384, 0.0191905
-0.304209, 0.264778, 1, -0.0824368, 0.101751, -0.146061, 0.134816, -0.0272581, -0.0141542, 0.208243, -0.2944, 0.0210714, 0.0728797, -0.00756748
0.205054, -0.143831, -0.0824368, 1, -0.927418, 0.846166, -0.0259827, -0.0333341, 0.00456654, 0.00216942, 0.212579, -0.0249368, 0.017495, -0.00525713
-0.323996, 0.243727, 0.101751, -0.927418, 1, -0.972333, 0.0141479, -0.00700086, 0.0914822, 0.0653893, -0.320652, 0.0116977, 0.0993959, -0.00464573
0.472636, -0.354886, -0.146061, 0.846166, -0.972333, 1, -0.0164753, 0.0164986, -0.142761, -0.102165, 0.467372, -0.00968669, -0.156551, 0.00677515
-0.0234324, 0.0280359, 0.134816, -0.0259827, 0.0141479, -0.0164753, 1, -0.00442382, 0.014421, 0.0213014, -0.0231602, 0.040241, -0.00991797, 0.00841668
0.035903, 0.0792738, -0.0272581, -0.0333341, -0.00700086, 0.0164986, -0.00442382, 1, -0.0329517, -0.0490734, 0.0285042, 0.0154302, -0.00499784, 0.0406566
-0.297641, 0.0844104, -0.0141542, 0.00456654, 0.0914822, -0.142761, 0.014421, -0.0329517, 1, 0.223215, -0.285375, 0.223871, 0.799965, 0.244578
-0.204022, 0.0833688, 0.208243, 0.00216942, 0.0653893, -0.102165, 0.0213014, -0.0490734, 0.223215, 1, -0.267896, -0.720057, 0.599605, -0.286866
0.979944, -0.718409, -0.2944, 0.212579, -0.320652, 0.467372, -0.0231602, 0.0285042, -0.285375, -0.267896, 1, 0.0827076, -0.340421, 0.0350007
-0.0202836, 0.0124001, 0.0210714, -0.0249368, 0.0116977, -0.00968669, 0.040241, 0.0154302, 0.223871, -0.720057, 0.0827076, 1, -0.168873, 0.337322
-0.313005, 0.236384, 0.0728797, 0.017495, 0.0993959, -0.156551, -0.00991797, -0.00499784, 0.799965, 0.599605, -0.340421, -0.168873, 1, -0.0415124
0.0113215, 0.0191905, -0.00756748, -0.00525713, -0.00464573, 0.00677515, 0.00841668, 0.0406566, 0.244578, -0.286866, 0.0350007, 0.337322, -0.0415124, 1
DJI_0016.JPG
FC6310_8.8_5472x3648 (RGB)
PerspectiveCamera5
global
F,C0_x,C0_y,R1,R2,R3,T1,T2,X,Y,Z,Alpha,Beta,Gamma
1, -0.73051, -0.304209, 0.205054, -0.323996, 0.472636, -0.0234324, 0.035903, -0.304028, -0.148431, 0.981979, -0.0589278, -0.301342, 0.00796633
-0.73051, 1, 0.264778, -0.143831, 0.243727, -0.354886, 0.0280359, 0.0792738, 0.0868385, 0.0399044, -0.719637, 0.0413197, 0.228408, 0.0236383
-0.304209, 0.264778, 1, -0.0824368, 0.101751, -0.146061, 0.134816, -0.0272581, -0.0150085, 0.196373, -0.295384, 0.0318695, 0.0686197, -0.00509008
0.205054, -0.143831, -0.0824368, 1, -0.927418, 0.846166, -0.0259827, -0.0333341, 0.00854184, 0.00940505, 0.212527, -0.023905, 0.0218241, -0.00357668
-0.323996, 0.243727, 0.101751, -0.927418, 1, -0.972333, 0.0141479, -0.00700086, 0.0927619, 0.0495272, -0.321239, 0.0211183, 0.09586, -0.00507307
0.472636, -0.354886, -0.146061, 0.846166, -0.972333, 1, -0.0164753, 0.0164986, -0.145209, -0.0780831, 0.468249, -0.0251425, -0.151494, 0.0065318
-0.0234324, 0.0280359, 0.134816, -0.0259827, 0.0141479, -0.0164753, 1, -0.00442382, 0.0170005, 0.0177066, -0.0231628, 0.0426158, -0.0103568, 0.0136592
0.035903, 0.0792738, -0.0272581, -0.0333341, -0.00700086, 0.0164986, -0.00442382, 1, -0.0365843, -0.0467506, 0.0284469, 0.0117751, -0.0044896, 0.0340679
-0.304028, 0.0868385, -0.0150085, 0.00854184, 0.0927619, -0.145209, 0.0170005, -0.0365843, 1, 0.229491, -0.298819, 0.227315, 0.806233, 0.203178
-0.148431, 0.0399044, 0.196373, 0.00940505, 0.0495272, -0.0780831, 0.0177066, -0.0467506, 0.229491, 1, -0.208056, -0.721828, 0.59329, -0.299539
0.981979, -0.719637, -0.295384, 0.212527, -0.321239, 0.468249, -0.0231628, 0.0284469, -0.298819, -0.208056, 1, 0.0299469, -0.333122, 0.0233659
-0.0589278, 0.0413197, 0.0318695, -0.023905, 0.0211183, -0.0251425, 0.0426158, 0.0117751, 0.227315, -0.721828, 0.0299469, 1, -0.158353, 0.29461
-0.301342, 0.228408, 0.0686197, 0.0218241, 0.09586, -0.151494, -0.0103568, -0.0044896, 0.806233, 0.59329, -0.333122, -0.158353, 1, -0.0640708
0.00796633, 0.0236383, -0.00509008, -0.00357668, -0.00507307, 0.0065318, 0.0136592, 0.0340679, 0.203178, -0.299539, 0.0233659, 0.29461, -0.0640708, 1
DJI_0017.JPG
FC6310_8.8_5472x3648 (RGB)
PerspectiveCamera5
global
F,C0_x,C0_y,R1,R2,R3,T1,T2,X,Y,Z,Alpha,Beta,Gamma
1, -0.73051, -0.304209, 0.205054, -0.323996, 0.472636, -0.0234324, 0.035903, -0.275808, -0.161908, 0.983384, -0.0457763, -0.291448, 0.0121137
-0.73051, 1, 0.264778, -0.143831, 0.243727, -0.354886, 0.0280359, 0.0792738, 0.0636838, 0.048103, -0.720464, 0.0315356, 0.221632, 0.0188476
-0.304209, 0.264778, 1, -0.0824368, 0.101751, -0.146061, 0.134816, -0.0272581, -0.0255421, 0.204421, -0.295624, 0.0274979, 0.0650043, -0.00230743
0.205054, -0.143831, -0.0824368, 1, -0.927418, 0.846166, -0.0259827, -0.0333341, 0.0190972, 0.00285076, 0.212352, -0.0136144, 0.0257887, -0.00205823
-0.323996, 0.243727, 0.101751, -0.927418, 1, -0.972333, 0.0141479, -0.00700086, 0.0821244, 0.0555862, -0.321692, 0.0137108, 0.0920517, -0.00609217
0.472636, -0.354886, -0.146061, 0.846166, -0.972333, 1, -0.0164753, 0.0164986, -0.129574, -0.0864354, 0.468944, -0.0149397, -0.145718, 0.00819298
-0.0234324, 0.0280359, 0.134816, -0.0259827, 0.0141479, -0.0164753, 1, -0.00442382, 0.0175633, 0.0177919, -0.0232674, 0.0421126, -0.0107948, 0.0191664
0.035903, 0.0792738, -0.0272581, -0.0333341, -0.00700086, 0.0164986, -0.00442382, 1, -0.0387765, -0.0460847, 0.0284436, 0.0100333, -0.00363722, 0.0238201
-0.275808, 0.0636838, -0.0255421, 0.0190972, 0.0821244, -0.129574, 0.0175633, -0.0387765, 1, 0.245704, -0.279333, 0.226664, 0.810733, 0.19524
-0.161908, 0.048103, 0.204421, 0.00285076, 0.0555862, -0.0864354, 0.0177919, -0.0460847, 0.245704, 1, -0.213251, -0.712821, 0.593293, -0.319129
0.983384, -0.720464, -0.295624, 0.212352, -0.321692, 0.468944, -0.0232674, 0.0284436, -0.279333, -0.213251, 1, 0.02689, -0.327815, 0.0195696
-0.0457763, 0.0315356, 0.0274979, -0.0136144, 0.0137108, -0.0149397, 0.0421126, 0.0100333, 0.226664, -0.712821, 0.02689, 1, -0.147542, 0.299704
-0.291448, 0.221632, 0.0650043, 0.0257887, 0.0920517, -0.145718, -0.0107948, -0.00363722, 0.810733, 0.593293, -0.327815, -0.147542, 1, -0.0568136
0.0121137, 0.0188476, -0.00230743, -0.00205823, -0.00609217, 0.00819298, 0.0191664, 0.0238201, 0.19524, -0.319129, 0.0195696, 0.299704, -0.0568136, 1
DJI_0018.JPG
FC6310_8.8_5472x3648 (RGB)
PerspectiveCamera5
global
F,C0_x,C0_y,R1,R2,R3,T1,T2,X,Y,Z,Alpha,Beta,Gamma
1, -0.73051, -0.304209, 0.205054, -0.323996, 0.472636, -0.0234324, 0.035903, -0.190321, -0.168402, 0.984004, -0.00947591, -0.253406, 0.0156565
-0.73051, 1, 0.264778, -0.143831, 0.243727, -0.354886, 0.0280359, 0.0792738, -0.00151368, 0.0552209, -0.720443, 0.00577811, 0.193615, 0.0108854
-0.304209, 0.264778, 1, -0.0824368, 0.101751, -0.146061, 0.134816, -0.0272581, -0.0521178, 0.200486, -0.295309, 0.0156889, 0.0535315, 0.00455752
0.205054, -0.143831, -0.0824368, 1, -0.927418, 0.846166, -0.0259827, -0.0333341, 0.0360837, -0.00162569, 0.211743, -0.00525024, 0.03142, 0.000155428
-0.323996, 0.243727, 0.101751, -0.927418, 1, -0.972333, 0.0141479, -0.00700086, 0.0597857, 0.0559567, -0.321859, 0.00684507, 0.0831754, -0.00725804
0.472636, -0.354886, -0.146061, 0.846166, -0.972333, 1, -0.0164753, 0.0164986, -0.0941695, -0.0874036, 0.469173, -0.00293099, -0.130838, 0.00985978
-0.0234324, 0.0280359, 0.134816, -0.0259827, 0.0141479, -0.0164753, 1, -0.00442382, 0.017821, 0.0151267, -0.023294, 0.0400389, -0.0115251, 0.0238063
0.035903, 0.0792738, -0.0272581, -0.0333341, -0.00700086, 0.0164986, -0.00442382, 1, -0.0398036, -0.0432482, 0.0285017, 0.00829114, -0.00314399, 0.0132082
-0.190321, -0.00151368, -0.0521178, 0.0360837, 0.0597857, -0.0941695, 0.017821, -0.0398036, 1, 0.217842, -0.205107, 0.226697, 0.798108, 0.172463
-0.168402, 0.0552209, 0.200486, -0.00162569, 0.0559567, -0.0874036, 0.0151267, -0.0432482, 0.217842, 1, -0.208414, -0.742951, 0.58894, -0.276311
0.984004, -0.720443, -0.295309, 0.211743, -0.321859, 0.469173, -0.023294, 0.0285017, -0.205107, -0.208414, 1, 0.039436, -0.295406, 0.0158671
-0.00947591, 0.00577811, 0.0156889, -0.00525024, 0.00684507, -0.00293099, 0.0400389, 0.00829114, 0.226697, -0.742951, 0.039436, 1, -0.173184, 0.213467
-0.253406, 0.193615, 0.0535315, 0.03142, 0.0831754, -0.130838, -0.0115251, -0.00314399, 0.798108, 0.58894, -0.295406, -0.173184, 1, -0.0421696
0.0156565, 0.0108854, 0.00455752, 0.000155428, -0.00725804, 0.00985978, 0.0238063, 0.0132082, 0.172463, -0.276311, 0.0158671, 0.213467, -0.0421696, 1
DJI_0019.JPG
FC6310_8.8_5472x3648 (RGB)
PerspectiveCamera5
global
F,C0_x,C0_y,R1,R2,R3,T1,T2,X,Y,Z,Alpha,Beta,Gamma
1, -0.73051, -0.304209, 0.205054, -0.323996, 0.472636, -0.0234324, 0.035903, -0.17865, -0.265816, 0.985163, 0.0464028, -0.274403, 0.0259639
-0.73051, 1, 0.264778, -0.143831, 0.243727, -0.354886, 0.0280359, 0.0792738, -0.0136178, 0.12309, -0.721487, -0.0359743, 0.210192, -0.00225279
-0.304209, 0.264778, 1, -0.0824368, 0.101751, -0.146061, 0.134816, -0.0272581, -0.0547898, 0.238984, -0.295191, 0.00490915, 0.0596565, 0.0134806
